1 23.118087763110953 44.99582289055974
2 54.61291473421335 64.74519632414369
3 66.45023189439885 70.50960735171262
4 70.27470567249375 72.39766081871345
5 72.51516232607919 72.14703425229742
6 74.03496254013558 72.6984126984127
7 74.90545843738852 73.1328320802005
8 75.76168391009632 73.09941520467837
9 76.41098822689975 73.45029239766082
10 77.18159115233678 74.0016708437761
11 77.66678558687121 74.8203842940685
12 78.05208704958973 75.57226399331662
13 78.55868712094185 76.12364243943192
14 79.00820549411345 76.4578111946533
15 79.33642525865145 76.49122807017544
16 79.6931858722797 76.74185463659148
17 80.0428112736354 77.00918964076858
18 80.41384231180878 77.52715121136174
19 80.78487334998216 78.12865497076024
20 81.09882268997502 78.42940685045949
21 81.43417766678559 78.76357560568087
22 81.84088476632179 79.0142021720969
23 82.03353549768106 79.13116123642439
24 82.247591865858 79.26482873851295
25 82.38316089903674 79.58228905597326
26 82.46878344630753 79.84962406015038
27 82.62575811630396 80.06683375104427
28 82.73278630039243 80.16708437761069
29 82.84694969675348 80.28404344193818
30 82.98965394220478 80.40100250626566
31 83.0895469140207 80.55137844611528
32 83.18230467356403 80.7017543859649
33 83.396361041741 80.91896407685881
34 83.65322868355334 81.687552213868
35 84.03139493399928 81.85463659147871
36 84.16696396717802 82.03842940685045
37 84.35247948626471 82.20551378446115
38 84.43096682126293 82.25563909774436
39 84.46664288262575 82.35588972431079
40 84.55940064216911 82.42272347535506
41 84.64502318943988 82.40601503759399
42 84.73064573671067 82.47284878863826
43 84.83767392079913 82.50626566416041
44 84.83767392079913 82.58980785296575
45 84.98037816625045 82.7234753550543
46 85.05886550124866 82.92397660818713
47 85.10881198715661 83.02422723475355
48 85.15162326079201 83.10776942355889
49 85.2943275062433 83.27485380116958
50 85.40849090260436 83.3249791144528
51 85.48697823760257 83.42522974101921
52 85.52265429896539 83.4920634920635
53 85.53692472351052 83.52548036758563
54 85.57260078487336 83.5923141186299
55 85.57973599714592 83.79281537176274
56 85.58687120941848 83.87635756056808
57 85.65108811987156 84.04344193817877
58 85.68676418123438 84.12698412698413
59 85.70103460577953 84.22723475355053
60 85.72957545486977 84.37761069340016
61 85.74384587941492 84.41102756892231
62 85.77952194077774 84.37761069340016
63 85.76525151623261 84.26065162907268
64 85.808062789868 84.26065162907268
65 85.77238672850517 84.27736006683375
66 85.76525151623261 84.29406850459482
67 85.83660363895827 84.26065162907268
68 85.89368533713878 84.24394319131162
69 85.92222618622904 84.17710944026734
70 85.92222618622904 84.04344193817877
71 86.00784873349983 83.99331662489557
72 86.00784873349983 84.02673350041772
73 86.02925437031752 84.07685881370092
74 86.07206564395291 84.07685881370092
75 86.1148769175883 84.09356725146199
76 86.12201212986086 84.21052631578947
77 86.14341776667855 84.17710944026734
78 86.136282554406 84.12698412698413
79 86.16482340349624 84.21052631578947
80 86.20049946485908 84.24394319131162
81 86.2789867998573 84.19381787802841
82 86.27185158758473 84.17710944026734
83 86.31466286122013 84.16040100250626
84 86.32179807349269 84.11027568922306
85 86.28612201212987 84.04344193817877
86 86.35747413485552 84.02673350041772
87 86.42882625758116 83.90977443609022
88 86.41455583303603 83.9264828738513
89 86.38601498394577 83.95989974937343
90 86.34320371031038 83.99331662489557
91 86.32179807349269 84.04344193817877
92 86.37887977167321 84.02673350041772
93 86.42882625758116 84.12698412698413
94 86.4216910453086 84.12698412698413
95 86.45023189439885 84.1436925647452
96 86.5001783803068 84.11027568922306
97 86.5643952907599 84.22723475355053
98 86.51444880485194 84.19381787802841
99 86.55012486621477 84.19381787802841
100 86.5429896539422 84.44444444444444
101 86.47877274348912 84.27736006683375
102 86.5858009275776 84.3609022556391
103 86.65001783803068 84.21052631578947
104 86.71423474848376 84.34419381787804
105 86.61434177666786 84.21052631578947
106 86.68569389939351 84.42773600668338
107 86.69996432393864 84.32748538011697
108 86.77131644666429 84.29406850459482
109 86.7285051730289 84.3609022556391
110 86.80699250802711 84.41102756892231
111 86.77845165893685 84.42773600668338
112 86.67855868712094 84.34419381787804
113 86.69282911166607 84.44444444444444
114 86.81412772029968 84.46115288220551
115 86.77845165893685 84.41102756892231
116 86.72136996075633 84.39431913116124
117 86.78558687120942 84.16040100250626
118 86.77131644666429 84.42773600668338
119 86.78558687120942 84.46115288220551
120 86.75704602211916 84.59482038429407
121 86.73564038530147 84.47786131996658
122 86.79985729575455 84.5279866332498
123 86.77131644666429 84.67836257309942
124 86.82126293257224 84.49456975772766
125 86.82839814484481 84.74519632414369
126 86.82126293257224 84.49456975772766
127 86.86407420620763 84.46115288220551
128 86.8498037816625 84.72848788638262
129 86.82839814484481 84.5279866332498
130 86.95683196575098 84.59482038429407
131 86.93542632893329 84.84544695071011
132 86.95683196575098 84.66165413533835
133 86.89975026757047 84.66165413533835
134 86.9496967534784 84.72848788638262
135 86.91402069211559 84.64494569757728
136 87.00677845165895 84.82873851294904
137 86.9925080271138 84.69507101086049
138 87.09240099892972 84.77861319966583
139 87.04958972529433 84.76190476190476
140 87.04958972529433 84.87886382623225
141 87.0353193007492 84.87886382623225
142 87.05672493756688 84.97911445279867
143 87.09240099892972 84.86215538847118
144 87.10667142347485 84.87886382623225
145 87.09953621120229 84.94569757727652
146 87.14948269711023 84.77861319966583
147 87.12807706029254 84.87886382623225
148 87.1566179093828 84.81203007518798
149 87.20656439529077 84.84544695071011
150 87.1566179093828 85.02923976608187
151 87.17088833392793 84.82873851294904
152 87.21369960756333 85.04594820384294
153 87.23510524438102 85.07936507936508
154 87.24224045665359 84.89557226399332
155 87.26364609347128 84.87886382623225
156 87.25651088119871 84.82873851294904
157 87.21369960756333 85.04594820384294
158 87.26364609347128 84.87886382623225
159 87.20656439529077 85.0125313283208
160 87.31359257937925 84.81203007518798
161 87.24937566892615 85.04594820384294
162 87.32786300392436 84.99582289055974
163 87.2993221548341 84.89557226399332
164 87.2993221548341 84.7953216374269
165 87.29218694256154 85.09607351712614
166 87.3421334284695 84.9624060150376
167 87.3421334284695 84.76190476190476
168 87.34926864074207 84.89557226399332
169 87.44202640028541 85.11278195488721
170 87.30645736710667 85.1294903926483
171 87.32786300392436 84.91228070175438
172 87.40635033892258 85.19632414369256
173 87.36353906528718 85.19632414369256
174 87.38494470210489 85.07936507936508
175 87.39921512665002 85.11278195488721
176 87.43489118801284 85.14619883040936
177 87.37780948983233 85.1796157059315
178 87.39207991437745 85.31328320802005
179 87.42062076346771 85.1796157059315
180 87.37780948983233 85.07936507936508
181 87.39921512665002 85.24644945697577
182 87.44202640028541 85.14619883040936
183 87.48483767392081 85.1294903926483
184 87.53478415982876 85.21303258145363
185 87.45629682483053 85.32999164578112
186 87.52764894755619 85.16290726817043
187 87.49910809846592 84.92898913951545
188 87.58473064573671 85.43024227234753
189 87.54905458437389 85.19632414369256
190 87.58473064573671 85.29657477025899
191 87.66321798073493 85.49707602339181
192 87.66321798073493 85.27986633249792
193 87.64181234391724 85.06265664160401
194 87.69175882982519 85.26315789473684
195 87.68462361755263 85.16290726817043
196 87.70602925437032 85.26315789473684
197 87.69175882982519 85.48036758563074
198 87.67035319300749 85.44695071010861
199 87.74884052800572 85.09607351712614
200 87.69175882982519 85.51378446115288
201 87.66321798073493 85.34670008354219
202 87.61327149482698 85.32999164578112
203 87.72029967891545 85.32999164578112
204 87.74170531573314 85.29657477025899
205 87.78451658936854 85.53049289891396
206 87.74170531573314 85.38011695906432
207 87.72029967891545 85.32999164578112
208 87.69889404209775 85.43024227234753
209 87.71316446664288 85.51378446115288
210 87.79165180164111 85.48036758563074
211 87.79878701391365 85.53049289891396
212 87.76311095255083 85.24644945697577
213 87.78451658936854 85.36340852130326
214 87.73457010346057 85.53049289891396
215 87.79878701391365 85.38011695906432
216 87.74884052800572 85.19632414369256
217 87.73457010346057 85.34670008354219
218 87.79165180164111 85.29657477025899
219 87.76311095255083 84.81203007518798
220 87.72743489118801 85.32999164578112
221 87.79878701391365 85.48036758563074
222 87.79878701391365 85.36340852130326
223 87.74884052800572 85.29657477025899
224 87.84159828754905 85.36340852130326
225 87.73457010346057 85.16290726817043
226 87.77738137709596 85.07936507936508
227 87.79878701391365 85.41353383458646
228 87.8130574384588 85.32999164578112
229 87.78451658936854 85.07936507936508
230 87.79165180164111 85.21303258145363
231 87.85586871209419 85.2297410192147
232 87.83446307527649 85.31328320802005
233 87.83446307527649 85.1796157059315
234 87.84159828754905 85.09607351712614
235 87.86300392436675 85.43024227234753
236 87.87013913663931 85.32999164578112
237 87.84873349982162 85.26315789473684
238 87.87013913663931 85.29657477025899
239 87.87013913663931 85.16290726817043
240 87.89867998572957 85.41353383458646
241 87.79878701391365 85.09607351712614
242 87.84159828754905 85.43024227234753
243 87.86300392436675 85.36340852130326
244 87.89154477345701 85.43024227234753
245 87.89867998572957 85.38011695906432
246 87.89154477345701 85.48036758563074
247 87.88440956118444 85.34670008354219
248 87.89154477345701 85.49707602339181
249 87.87727434891188 85.11278195488721
250 88.02711380663575 85.38011695906432
251 87.92008562254728 85.29657477025899
252 87.9129504102747 85.02923976608187
253 87.9343560470924 85.19632414369256
254 87.94149125936497 85.11278195488721
255 87.84159828754905 85.16290726817043
256 87.94862647163754 85.36340852130326
257 87.97003210845523 85.68086883876359
258 87.96289689618266 85.36340852130326
259 87.94862647163754 85.21303258145363
260 87.9557616839101 85.49707602339181
261 88.00570816981805 85.38011695906432
262 87.9557616839101 85.41353383458646
263 87.92722083481983 85.1294903926483
264 87.94862647163754 85.24644945697577
265 87.94149125936497 85.31328320802005
266 87.99143774527293 85.11278195488721
267 87.99143774527293 85.0125313283208
268 87.9557616839101 85.21303258145363
269 87.97003210845523 85.36340852130326
270 87.99143774527293 85.49707602339181
271 87.97716732072779 85.29657477025899
272 88.06278986799857 85.31328320802005
273 88.05565465572602 85.39682539682539
274 88.06278986799857 85.1294903926483
275 88.0984659293614 85.41353383458646
276 88.05565465572602 85.39682539682539
277 88.04851944345344 85.54720133667502
278 88.0984659293614 85.19632414369256
279 88.03424901890831 85.56390977443608
280 88.0984659293614 85.54720133667502
281 88.10560114163395 85.34670008354219
282 88.0984659293614 85.44695071010861
283 88.05565465572602 85.51378446115288
284 88.08419550481626 85.41353383458646
285 88.15554762754192 85.64745196324144
286 88.21262932572243 85.63074352548037
287 88.219764537995 85.2297410192147
288 88.19122368890474 85.6140350877193
289 88.24830538708527 85.56390977443608
290 88.20549411344987 85.39682539682539
291 88.16981805208705 85.48036758563074
292 88.17695326435961 85.58061821219715
293 88.23403496254014 85.36340852130326
294 88.19122368890474 85.39682539682539
295 88.23403496254014 85.38011695906432
296 88.2625758116304 85.59732664995823
297 88.21262932572243 85.54720133667502
298 88.29111666072066 85.73099415204678
299 88.20549411344987 85.2297410192147
300 88.28398144844809 85.2297410192147
301 88.26971102390296 85.44695071010861
302 88.25544059935783 85.1294903926483
303 88.34106314662861 85.76441102756893
304 88.31252229753835 85.78111946533
305 88.25544059935783 85.73099415204678
306 88.22689975026758 85.6140350877193
307 88.28398144844809 85.49707602339181
308 88.24830538708527 85.81453634085213
309 88.2625758116304 85.53049289891396
310 88.2625758116304 85.63074352548037
311 88.33392793435605 85.63074352548037
312 88.28398144844809 85.71428571428571
313 88.31965750981091 85.6641604010025
314 88.29825187299322 85.49707602339181
315 88.32679272208348 85.76441102756893
316 88.31965750981091 85.64745196324144
317 88.29825187299322 85.51378446115288
318 88.29111666072066 85.6140350877193
319 88.24830538708527 85.74770258980784
320 88.34106314662861 85.58061821219715
321 88.29825187299322 85.51378446115288
322 88.31965750981091 85.64745196324144
323 88.34106314662861 85.44695071010861
324 88.34819835890117 85.49707602339181
325 88.33392793435605 85.68086883876359
326 88.34106314662861 85.56390977443608
327 88.29825187299322 85.74770258980784
328 88.34106314662861 85.78111946533
329 88.35533357117374 85.84795321637428
330 88.38387442026401 85.59732664995823
331 88.37673920799143 85.43024227234753
332 88.34819835890117 85.84795321637428
333 88.36960399571888 85.81453634085213
334 88.36960399571888 85.78111946533
335 88.35533357117374 85.68086883876359
336 88.39814484480914 85.68086883876359
337 88.33392793435605 85.81453634085213
338 88.35533357117374 85.78111946533
339 88.39100963253657 85.71428571428571
340 88.34819835890117 85.6641604010025
341 88.34106314662861 85.54720133667502
342 88.37673920799143 85.71428571428571
343 88.36960399571888 85.74770258980784
344 88.36246878344632 85.76441102756893
345 88.41241526935426 85.89807852965747
346 88.36246878344632 85.79782790309106
347 88.41241526935426 85.73099415204678
348 88.34819835890117 85.89807852965747
349 88.38387442026401 85.81453634085213
350 88.4052800570817 85.69757727652465
351 88.35533357117374 85.26315789473684
352 88.4052800570817 85.78111946533
353 88.4266856938994 85.84795321637428
354 88.4266856938994 85.96491228070175
355 88.39814484480914 85.99832915622389
356 88.4052800570817 85.44695071010861
357 88.44809133071709 85.6641604010025
358 88.45522654298965 85.24644945697577
359 88.4266856938994 86.01503759398497
360 88.4266856938994 85.74770258980784
361 88.39814484480914 85.86466165413535
362 88.4694969675348 85.69757727652465
363 88.43382090617196 85.78111946533
364 88.51230824117017 85.49707602339181
365 88.4694969675348 85.76441102756893
366 88.36960399571888 85.64745196324144
367 88.44095611844452 85.98162071846282
368 88.47663217980735 85.96491228070175
369 88.39814484480914 85.94820384294069
370 88.46236175526222 85.8312447786132
371 88.46236175526222 85.89807852965747
372 88.41241526935426 85.69757727652465
373 88.39814484480914 85.86466165413535
374 88.43382090617196 85.84795321637428
375 88.44809133071709 85.81453634085213
376 88.44809133071709 85.73099415204678
377 88.44809133071709 85.74770258980784
378 88.44095611844452 85.76441102756893
379 88.49803781662504 85.74770258980784
380 88.47663217980735 85.8312447786132
381 88.48376739207991 85.71428571428571
382 88.47663217980735 86.19883040935673
383 88.45522654298965 85.96491228070175
384 88.4052800570817 85.91478696741855
385 88.49090260435248 85.8813700918964
386 88.44095611844452 85.93149540517962
387 88.48376739207991 86.03174603174604
388 88.49090260435248 86.03174603174604
389 88.4694969675348 85.8312447786132
390 88.39814484480914 85.93149540517962
391 88.46236175526222 85.94820384294069
392 88.47663217980735 85.99832915622389
393 88.49803781662504 86.09857978279031
394 88.46236175526222 85.99832915622389
395 88.49803781662504 85.79782790309106
396 88.51944345344273 85.84795321637428
397 88.49803781662504 86.08187134502924
398 88.5265786657153 86.09857978279031
399 88.51944345344273 86.11528822055138
400 88.55511951480557 86.09857978279031
401 88.5265786657153 86.04845446950709
402 88.49803781662504 85.94820384294069
403 88.53371387798788 86.09857978279031
404 88.54084909026044 85.96491228070175
405 88.54084909026044 85.91478696741855
406 88.547984302533 85.99832915622389
407 88.51944345344273 85.86466165413535
408 88.57652515162326 86.06516290726816
409 88.54084909026044 86.03174603174604
410 88.59079557616839 86.08187134502924
411 88.56225472707813 86.08187134502924
412 88.51230824117017 86.09857978279031
413 88.56225472707813 86.21553884711778
414 88.59079557616839 85.8312447786132
415 88.57652515162326 85.93149540517962
416 88.57652515162326 86.06516290726816
417 88.59793078844096 85.96491228070175
418 88.5693899393507 86.01503759398497
419 88.64074206207636 86.04845446950709
420 88.59079557616839 86.06516290726816
421 88.59793078844096 85.96491228070175
422 88.58366036389582 85.91478696741855
423 88.61220121298608 86.01503759398497
424 88.5693899393507 85.98162071846282
425 88.58366036389582 85.91478696741855
426 88.57652515162326 85.94820384294069
427 88.64074206207636 86.03174603174604
428 88.58366036389582 86.01503759398497
429 88.62647163753121 85.96491228070175
430 88.62647163753121 86.18212197159566
431 88.62647163753121 86.11528822055138
432 88.59793078844096 85.94820384294069
433 88.62647163753121 86.23224728487887
434 88.64074206207636 85.99832915622389
435 88.64074206207636 86.03174603174604
436 88.64074206207636 85.99832915622389
437 88.65501248662147 86.1654135338346
438 88.59793078844096 86.21553884711778
439 88.6478772743489 86.14870509607351
440 88.62647163753121 86.18212197159566
441 88.61220121298608 86.28237259816207
442 88.61933642525865 86.13199665831245
443 88.59793078844096 86.18212197159566
444 88.59793078844096 86.09857978279031
445 88.64074206207636 86.08187134502924
446 88.61220121298608 86.24895572263993
447 88.59079557616839 86.24895572263993
448 88.66214769889405 86.29908103592314
449 88.65501248662147 86.31578947368422
450 88.6478772743489 86.21553884711778
451 88.61220121298608 86.23224728487887
452 88.61933642525865 85.84795321637428
453 88.65501248662147 86.28237259816207
454 88.66214769889405 86.29908103592314
455 88.65501248662147 86.14870509607351
456 88.66214769889405 86.1654135338346
457 88.58366036389582 86.09857978279031
458 88.60506600071352 86.11528822055138
459 88.61220121298608 86.36591478696742
460 88.63360684980378 86.23224728487887
461 88.61220121298608 86.36591478696742
462 88.6906885479843 85.94820384294069
463 88.63360684980378 86.31578947368422
464 88.61220121298608 86.265664160401
465 88.62647163753121 86.265664160401
466 88.62647163753121 86.38262322472848
467 88.61933642525865 86.24895572263993
468 88.62647163753121 86.21553884711778
469 88.6478772743489 86.24895572263993
470 88.6692829111666 86.34920634920636
471 88.65501248662147 86.23224728487887
472 88.65501248662147 86.31578947368422
473 88.6692829111666 86.265664160401
474 88.62647163753121 86.29908103592314
475 88.61933642525865 86.28237259816207
476 88.68355333571174 86.33249791144529
477 88.65501248662147 86.41604010025063
478 88.65501248662147 86.31578947368422
479 88.64074206207636 86.29908103592314
480 88.64074206207636 86.18212197159566
481 88.67641812343918 86.08187134502924
482 88.67641812343918 86.28237259816207
483 88.68355333571174 86.34920634920636
484 88.68355333571174 86.31578947368422
485 88.64074206207636 86.24895572263993
486 88.64074206207636 86.33249791144529
487 88.6692829111666 85.94820384294069
488 88.72636460934713 86.28237259816207
489 88.68355333571174 86.36591478696742
490 88.66214769889405 86.19883040935673
491 88.6478772743489 86.28237259816207
492 88.66214769889405 86.4327485380117
493 88.66214769889405 86.21553884711778
494 88.6692829111666 86.33249791144529
495 88.68355333571174 86.39933166248956
496 88.6692829111666 86.28237259816207
497 88.71922939707456 86.39933166248956
498 88.6692829111666 86.28237259816207
499 88.72636460934713 86.14870509607351
500 88.6478772743489 86.1654135338346
501 88.69782376025687 86.36591478696742
502 88.69782376025687 86.39933166248956
503 88.712094184802 86.38262322472848
504 88.6906885479843 86.23224728487887
505 88.6906885479843 86.18212197159566
506 88.72636460934713 86.31578947368422
507 88.70495897252944 86.33249791144529
508 88.68355333571174 86.09857978279031
509 88.70495897252944 86.18212197159566
510 88.70495897252944 86.29908103592314
511 88.72636460934713 86.24895572263993
512 88.72636460934713 86.09857978279031
513 88.74777024616482 86.21553884711778
514 88.74777024616482 86.18212197159566
515 88.75490545843738 86.38262322472848
516 88.73349982161969 86.21553884711778
517 88.75490545843738 86.34920634920636
518 88.76204067070995 86.265664160401
519 88.72636460934713 86.33249791144529
520 88.75490545843738 86.23224728487887
521 88.72636460934713 86.34920634920636
522 88.76917588298252 86.265664160401
523 88.76917588298252 86.29908103592314
524 88.74777024616482 86.34920634920636
525 88.7763110952551 86.19883040935673
526 88.76917588298252 86.18212197159566
527 88.75490545843738 86.08187134502924
528 88.73349982161969 86.13199665831245
529 88.74777024616482 86.28237259816207
530 88.7763110952551 86.19883040935673
531 88.76204067070995 86.4327485380117
532 88.76917588298252 86.13199665831245
533 88.78344630752764 86.08187134502924
534 88.75490545843738 86.38262322472848
535 88.78344630752764 86.34920634920636
536 88.74777024616482 86.29908103592314
537 88.76917588298252 86.21553884711778
538 88.74063503389226 86.265664160401
539 88.76204067070995 86.29908103592314
540 88.79058151980021 86.36591478696742
541 88.79058151980021 86.09857978279031
542 88.80485194434534 86.54970760233918
543 88.79058151980021 86.39933166248956
544 88.79771673207279 86.33249791144529
545 88.74063503389226 86.265664160401
546 88.79058151980021 86.36591478696742
547 88.74777024616482 86.34920634920636
548 88.76917588298252 86.23224728487887
549 88.79771673207279 86.36591478696742
550 88.79058151980021 86.265664160401
551 88.75490545843738 86.41604010025063
552 88.76204067070995 86.44945697577276
553 88.74777024616482 86.44945697577276
554 88.76204067070995 86.34920634920636
555 88.80485194434534 86.41604010025063
556 88.79058151980021 86.29908103592314
557 88.76917588298252 86.28237259816207
558 88.79771673207279 86.23224728487887
559 88.76917588298252 86.24895572263993
560 88.76917588298252 86.33249791144529
561 88.7763110952551 86.265664160401
562 88.84052800570818 86.39933166248956
563 88.81198715661792 86.54970760233918
564 88.79058151980021 86.34920634920636
565 88.79058151980021 86.29908103592314
566 88.80485194434534 86.34920634920636
567 88.79771673207279 86.36591478696742
568 88.76917588298252 86.34920634920636
569 88.81198715661792 86.36591478696742
570 88.76917588298252 86.265664160401
571 88.80485194434534 86.265664160401
572 88.79058151980021 86.38262322472848
573 88.79771673207279 86.24895572263993
574 88.80485194434534 86.21553884711778
575 88.8333927934356 86.39933166248956
576 88.79771673207279 86.29908103592314
577 88.82625758116303 86.31578947368422
578 88.81198715661792 86.48287385129491
579 88.84766321798074 86.24895572263993
580 88.80485194434534 86.24895572263993
581 88.8547984302533 86.265664160401
582 88.81912236889048 86.28237259816207
583 88.81912236889048 86.23224728487887
584 88.81198715661792 86.38262322472848
585 88.81912236889048 86.23224728487887
586 88.81912236889048 86.13199665831245
587 88.81198715661792 86.24895572263993
588 88.82625758116303 86.19883040935673
589 88.81198715661792 86.33249791144529
590 88.76917588298252 86.34920634920636
591 88.84766321798074 86.21553884711778
592 88.8547984302533 86.23224728487887
593 88.84766321798074 86.33249791144529
594 88.82625758116303 86.33249791144529
595 88.80485194434534 86.41604010025063
596 88.84052800570818 86.46616541353383
597 88.79058151980021 86.31578947368422
598 88.84052800570818 86.31578947368422
599 88.84052800570818 86.33249791144529
600 88.89047449161612 86.21553884711778
601 88.86193364252587 86.41604010025063
602 88.84052800570818 86.19883040935673
603 88.81912236889048 86.44945697577276
604 88.84052800570818 86.4327485380117
605 88.82625758116303 86.51629072681705
606 88.86193364252587 86.34920634920636
607 88.86906885479843 86.38262322472848
608 88.84766321798074 86.51629072681705
609 88.84052800570818 86.34920634920636
610 88.86193364252587 86.41604010025063
611 88.86906885479843 86.61654135338345
612 88.89047449161612 86.36591478696742
613 88.80485194434534 86.265664160401
614 88.86906885479843 86.58312447786132
615 88.86193364252587 86.51629072681705
616 88.876204067071 86.38262322472848
617 88.89047449161612 86.4327485380117
618 88.86193364252587 86.14870509607351
619 88.8547984302533 86.36591478696742
620 88.84052800570818 86.39933166248956
621 88.89047449161612 86.39933166248956
622 88.86193364252587 86.38262322472848
623 88.90474491616126 86.34920634920636
624 88.86906885479843 86.24895572263993
625 88.86906885479843 86.31578947368422
626 88.876204067071 86.41604010025063
627 88.876204067071 86.29908103592314
628 88.84766321798074 86.23224728487887
629 88.89047449161612 86.39933166248956
630 88.89760970388869 86.38262322472848
631 88.89760970388869 86.265664160401
632 88.876204067071 86.36591478696742
633 88.93328576525151 86.31578947368422
634 88.84766321798074 86.48287385129491
635 88.91188012843382 86.24895572263993
636 88.79771673207279 86.34920634920636
637 88.93328576525151 86.29908103592314
638 88.82625758116303 86.36591478696742
639 88.90474491616126 86.46616541353383
640 88.90474491616126 86.31578947368422
641 88.91901534070638 86.38262322472848
642 88.92615055297895 86.51629072681705
643 88.91901534070638 86.6499582289056
644 88.94042097752408 86.24895572263993
645 88.84052800570818 86.44945697577276
646 88.89047449161612 86.38262322472848
647 88.91901534070638 86.39933166248956
648 88.89760970388869 86.49958228905598
649 88.91188012843382 86.41604010025063
650 88.92615055297895 86.1654135338346
651 88.89760970388869 86.24895572263993
652 88.90474491616126 86.39933166248956
653 88.94755618979666 86.1654135338346
654 88.90474491616126 86.4327485380117
655 88.96182661434177 86.51629072681705
656 88.94042097752408 86.29908103592314
657 88.91188012843382 86.29908103592314
658 88.9760970388869 86.41604010025063
659 88.94042097752408 86.51629072681705
660 88.94042097752408 86.48287385129491
661 88.92615055297895 86.4327485380117
662 88.88333927934356 86.41604010025063
663 88.92615055297895 86.46616541353383
664 88.94042097752408 86.48287385129491
665 88.9760970388869 86.44945697577276
666 88.89047449161612 86.39933166248956
667 88.90474491616126 86.38262322472848
668 88.94755618979666 86.39933166248956
669 88.91901534070638 86.31578947368422
670 88.91901534070638 86.58312447786132
671 88.90474491616126 86.41604010025063
672 88.93328576525151 86.51629072681705
673 88.94755618979666 86.41604010025063
674 88.93328576525151 86.61654135338345
675 88.9546914020692 86.41604010025063
676 88.9546914020692 86.38262322472848
677 88.90474491616126 86.39933166248956
678 88.9760970388869 86.48287385129491
679 88.91901534070638 86.46616541353383
680 88.94042097752408 86.7000835421888
681 88.94042097752408 86.36591478696742
682 88.94042097752408 86.39933166248956
683 88.92615055297895 86.48287385129491
684 88.94042097752408 86.28237259816207
685 88.92615055297895 86.56641604010025
686 88.94042097752408 86.4327485380117
687 88.94042097752408 86.34920634920636
688 88.96182661434177 86.39933166248956
689 88.94042097752408 86.4327485380117
690 88.91901534070638 86.08187134502924
691 88.94042097752408 86.61654135338345
692 88.92615055297895 86.44945697577276
693 88.91188012843382 86.49958228905598
694 88.96896182661435 86.46616541353383
695 88.94755618979666 86.39933166248956
696 88.98323225115948 86.53299916457811
697 88.9760970388869 86.56641604010025
698 88.9760970388869 86.39933166248956
699 88.96182661434177 86.46616541353383
700 88.94755618979666 86.53299916457811
701 88.94755618979666 86.46616541353383
702 88.99036746343204 86.46616541353383
703 88.94755618979666 86.41604010025063
704 88.9760970388869 86.46616541353383
705 88.96182661434177 86.49958228905598
706 88.9760970388869 86.49958228905598
707 88.94042097752408 86.41604010025063
708 88.96896182661435 86.46616541353383
709 88.98323225115948 86.53299916457811
710 89.01177310024974 86.48287385129491
711 88.96896182661435 86.28237259816207
712 88.96896182661435 86.38262322472848
713 88.96896182661435 86.31578947368422
714 88.9760970388869 86.29908103592314
715 89.00463788797717 86.49958228905598
716 89.00463788797717 86.38262322472848
717 88.99036746343204 86.49958228905598
718 88.9760970388869 86.51629072681705
719 88.9760970388869 86.49958228905598
720 88.9975026757046 86.46616541353383
721 89.00463788797717 86.44945697577276
722 88.99036746343204 86.39933166248956
723 88.9975026757046 86.46616541353383
724 88.99036746343204 86.44945697577276
725 88.99036746343204 86.39933166248956
726 89.01177310024974 86.46616541353383
727 88.98323225115948 86.58312447786132
728 88.9975026757046 86.54970760233918
729 88.99036746343204 86.38262322472848
730 88.9975026757046 86.48287385129491
731 89.01177310024974 86.44945697577276
732 89.03317873706743 86.36591478696742
733 88.9546914020692 86.36591478696742
734 88.9546914020692 86.44945697577276
735 88.99036746343204 86.48287385129491
736 88.9760970388869 86.21553884711778
737 88.99036746343204 86.48287385129491
738 89.00463788797717 86.44945697577276
739 89.00463788797717 86.49958228905598
740 88.96182661434177 86.28237259816207
741 88.98323225115948 86.39933166248956
742 88.98323225115948 86.39933166248956
743 88.9975026757046 86.53299916457811
744 88.9975026757046 86.48287385129491
745 88.9975026757046 86.44945697577276
746 89.0189083125223 86.51629072681705
747 88.99036746343204 86.58312447786132
748 89.00463788797717 86.39933166248956
749 88.9760970388869 86.54970760233918
750 89.00463788797717 86.7000835421888
751 88.9760970388869 86.51629072681705
752 89.02604352479486 86.44945697577276
753 88.9975026757046 86.4327485380117
754 88.9760970388869 86.41604010025063
755 88.9975026757046 86.46616541353383
756 88.99036746343204 86.41604010025063
757 89.03317873706743 86.38262322472848
758 89.0189083125223 86.58312447786132
759 89.0189083125223 86.54970760233918
760 89.01177310024974 86.48287385129491
761 89.0189083125223 86.38262322472848
762 89.03317873706743 86.46616541353383
763 88.99036746343204 86.54970760233918
764 89.00463788797717 86.31578947368422
765 88.9975026757046 86.36591478696742
766 89.00463788797717 86.44945697577276
767 88.9975026757046 86.59983291562239
768 89.0189083125223 86.44945697577276
769 88.9975026757046 86.36591478696742
770 89.01177310024974 86.41604010025063
771 88.98323225115948 86.39933166248956
772 89.00463788797717 86.41604010025063
773 89.01177310024974 86.38262322472848
774 89.0189083125223 86.39933166248956
775 89.04031394933999 86.49958228905598
776 89.04031394933999 86.44945697577276
777 89.03317873706743 86.53299916457811
778 89.02604352479486 86.51629072681705
779 88.99036746343204 86.38262322472848
780 89.02604352479486 86.46616541353383
781 89.0189083125223 86.4327485380117
782 89.0189083125223 86.36591478696742
783 89.0189083125223 86.56641604010025
784 88.99036746343204 86.48287385129491
785 89.03317873706743 86.36591478696742
786 88.99036746343204 86.36591478696742
787 89.05458437388512 86.48287385129491
788 89.04031394933999 86.39933166248956
789 89.00463788797717 86.44945697577276
790 89.01177310024974 86.51629072681705
791 89.06171958615768 86.48287385129491
792 89.02604352479486 86.41604010025063
793 89.04744916161256 86.54970760233918
794 89.04031394933999 86.44945697577276
795 89.03317873706743 86.33249791144529
796 89.01177310024974 86.4327485380117
797 89.0189083125223 86.59983291562239
798 89.06171958615768 86.58312447786132
799 89.03317873706743 86.36591478696742
800 89.03317873706743 86.41604010025063
801 89.03317873706743 86.48287385129491
802 89.04031394933999 86.53299916457811
803 89.0189083125223 86.61654135338345
804 89.00463788797717 86.46616541353383
805 89.06171958615768 86.46616541353383
806 89.01177310024974 86.4327485380117
807 89.06171958615768 86.36591478696742
808 89.06885479843025 86.53299916457811
809 89.05458437388512 86.33249791144529
810 88.9975026757046 86.39933166248956
811 89.02604352479486 86.33249791144529
812 89.0189083125223 86.4327485380117
813 89.03317873706743 86.41604010025063
814 89.02604352479486 86.31578947368422
815 89.03317873706743 86.49958228905598
816 89.04031394933999 86.41604010025063
817 89.06885479843025 86.53299916457811
818 89.04031394933999 86.39933166248956
819 89.0189083125223 86.46616541353383
820 88.9760970388869 86.51629072681705
821 89.0189083125223 86.39933166248956
822 89.0189083125223 86.58312447786132
823 89.0189083125223 86.4327485380117
824 89.05458437388512 86.51629072681705
825 89.05458437388512 86.49958228905598
826 89.06885479843025 86.44945697577276
827 89.06885479843025 86.31578947368422
828 89.11880128433822 86.51629072681705
829 89.01177310024974 86.41604010025063
830 89.06171958615768 86.48287385129491
831 89.04744916161256 86.49958228905598
832 89.09026043524794 86.34920634920636
833 89.03317873706743 86.59983291562239
834 89.05458437388512 86.31578947368422
835 89.04744916161256 86.44945697577276
836 89.03317873706743 86.38262322472848
837 89.04031394933999 86.49958228905598
838 89.04744916161256 86.4327485380117
839 89.06885479843025 86.33249791144529
840 89.03317873706743 86.39933166248956
841 89.06171958615768 86.39933166248956
842 89.08312522297538 86.53299916457811
843 89.04744916161256 86.39933166248956
844 89.05458437388512 86.34920634920636
845 89.06885479843025 86.53299916457811
846 89.03317873706743 86.46616541353383
847 89.06171958615768 86.51629072681705
848 89.04744916161256 86.41604010025063
849 89.06885479843025 86.54970760233918
850 89.03317873706743 86.38262322472848
851 89.05458437388512 86.41604010025063
852 89.04744916161256 86.56641604010025
853 89.10453085979307 86.53299916457811
854 89.04744916161256 86.49958228905598
855 89.06885479843025 86.4327485380117
856 89.06171958615768 86.48287385129491
857 89.08312522297538 86.51629072681705
858 89.05458437388512 86.39933166248956
859 89.09026043524794 86.44945697577276
860 89.09739564752051 86.44945697577276
861 89.07599001070282 86.36591478696742
862 89.07599001070282 86.53299916457811
863 89.05458437388512 86.44945697577276
864 89.07599001070282 86.44945697577276
865 89.04031394933999 86.4327485380117
866 89.06171958615768 86.44945697577276
867 89.11166607206565 86.4327485380117
868 89.09026043524794 86.48287385129491
869 89.09026043524794 86.38262322472848
870 89.11880128433822 86.4327485380117
871 89.09026043524794 86.38262322472848
872 89.10453085979307 86.33249791144529
873 89.11880128433822 86.53299916457811
874 89.09026043524794 86.41604010025063
875 89.10453085979307 86.23224728487887
876 89.09739564752051 86.51629072681705
877 89.15447734570104 86.48287385129491
878 89.16874777024616 86.59983291562239
879 89.14020692115591 86.56641604010025
880 89.11880128433822 86.46616541353383
881 89.16874777024616 86.53299916457811
882 89.19728861933642 86.4327485380117
883 89.17588298251873 86.63324979114452
884 89.1830181947913 86.54970760233918
885 89.16874777024616 86.4327485380117
886 89.1830181947913 86.54970760233918
887 89.17588298251873 86.38262322472848
888 89.15447734570104 86.51629072681705
889 89.20442383160899 86.59983291562239
890 89.1616125579736 86.53299916457811
891 89.16874777024616 86.75020885547201
892 89.20442383160899 86.68337510442774
893 89.16874777024616 86.59983291562239
894 89.1830181947913 86.63324979114452
895 89.1830181947913 86.58312447786132
896 89.1830181947913 86.7000835421888
897 89.20442383160899 86.61654135338345
898 89.19015340706386 86.68337510442774
899 89.19015340706386 86.59983291562239
900 89.19015340706386 86.41604010025063
901 89.23296468069925 86.51629072681705
902 89.21155904388156 86.7000835421888
903 89.22582946842668 86.53299916457811
904 89.20442383160899 86.66666666666667
905 89.21155904388156 86.78362573099415
906 89.20442383160899 86.6499582289056
907 89.19015340706386 86.56641604010025
908 89.21869425615412 86.78362573099415
909 89.22582946842668 86.73350041771094
910 89.24009989297181 86.73350041771094
911 89.23296468069925 86.53299916457811
912 89.24009989297181 86.71679197994987
913 89.21155904388156 86.75020885547201
914 89.19728861933642 86.48287385129491
915 89.21869425615412 86.78362573099415
916 89.22582946842668 86.73350041771094
917 89.2615055297895 86.76691729323308
918 89.23296468069925 86.73350041771094
919 89.21155904388156 86.51629072681705
920 89.1830181947913 86.73350041771094
921 89.21155904388156 86.68337510442774
922 89.24723510524439 86.68337510442774
923 89.23296468069925 86.58312447786132
924 89.20442383160899 86.54970760233918
925 89.24723510524439 86.68337510442774
926 89.29004637887978 86.63324979114452
927 89.26864074206208 86.66666666666667
928 89.2829111666072 86.58312447786132
929 89.25437031751696 86.53299916457811
930 89.25437031751696 86.6499582289056
931 89.3043168034249 86.58312447786132
932 89.29004637887978 86.76691729323308
933 89.3043168034249 86.78362573099415
934 89.31858722797004 86.68337510442774
935 89.26864074206208 86.80033416875523
936 89.31858722797004 86.68337510442774
937 89.33285765251516 86.78362573099415
938 89.3257224402426 86.71679197994987
939 89.36853371387798 86.71679197994987
940 89.31858722797004 86.54970760233918
941 89.33999286478773 86.76691729323308
942 89.35426328933286 86.68337510442774
943 89.41134498751337 86.8671679197995
944 89.4256154120585 86.78362573099415
945 89.47556189796646 86.83375104427736
946 89.4684266856939 86.9172932330827
947 89.44702104887621 86.73350041771094
948 89.49696753478416 86.9172932330827
949 89.48269711023903 86.9172932330827
950 89.4684266856939 86.8671679197995
951 89.48269711023903 86.6499582289056
952 89.53264359614698 86.68337510442774
953 89.47556189796646 86.71679197994987
954 89.50410274705672 86.83375104427736
955 89.4898323225116 86.7000835421888
956 89.51837317160185 86.83375104427736
957 89.53264359614698 86.8170426065163
958 89.54691402069211 86.88387635756057
959 89.49696753478416 86.90058479532163
960 89.51123795932929 86.83375104427736
961 89.51837317160185 86.85045948203843
962 89.56118444523725 86.80033416875523
963 89.49696753478416 86.75020885547201
964 89.51837317160185 86.90058479532163
965 89.53977880841954 86.75020885547201
966 89.51123795932929 86.93400167084377
967 89.50410274705672 86.8170426065163
968 89.54691402069211 86.7000835421888
969 89.50410274705672 86.96741854636592
970 89.54691402069211 86.80033416875523
971 89.51123795932929 86.7000835421888
972 89.51123795932929 86.90058479532163
973 89.52550838387442 86.71679197994987
974 89.53977880841954 86.95071010860485
975 89.52550838387442 86.68337510442774
976 89.51837317160185 86.8170426065163
977 89.49696753478416 86.6499582289056
978 89.53977880841954 86.78362573099415
979 89.55404923296469 86.51629072681705
980 89.53264359614698 86.68337510442774
981 89.53264359614698 86.80033416875523
982 89.52550838387442 86.76691729323308
983 89.49696753478416 86.83375104427736
984 89.49696753478416 86.93400167084377
985 89.53977880841954 86.90058479532163
986 89.56118444523725 86.93400167084377
987 89.54691402069211 86.73350041771094
988 89.55404923296469 86.71679197994987
989 89.5683196575098 86.76691729323308
990 89.53264359614698 86.71679197994987
991 89.53977880841954 86.9172932330827
992 89.55404923296469 86.88387635756057
993 89.57545486978238 86.78362573099415
994 89.58259008205494 86.83375104427736
995 89.55404923296469 86.71679197994987
996 89.53264359614698 86.83375104427736
997 89.53264359614698 86.93400167084377
998 89.5683196575098 86.90058479532163
999 89.52550838387442 86.8170426065163
1000 89.57545486978238 86.75020885547201
1001 89.56118444523725 86.88387635756057
1002 89.53977880841954 86.9172932330827
1003 89.54691402069211 86.93400167084377
1004 89.53977880841954 86.80033416875523
1005 89.51837317160185 86.80033416875523
1006 89.58259008205494 86.80033416875523
1007 89.53977880841954 86.83375104427736
1008 89.60399571887262 86.73350041771094
1009 89.55404923296469 86.58312447786132
1010 89.55404923296469 86.76691729323308
1011 89.57545486978238 86.7000835421888
1012 89.5683196575098 86.8170426065163
1013 89.57545486978238 86.78362573099415
1014 89.53977880841954 86.63324979114452
1015 89.61826614341777 86.80033416875523
1016 89.58259008205494 86.9172932330827
1017 89.59686050660008 86.9172932330827
1018 89.59686050660008 86.85045948203843
1019 89.5683196575098 86.76691729323308
1020 89.57545486978238 86.71679197994987
1021 89.57545486978238 86.80033416875523
1022 89.55404923296469 86.76691729323308
1023 89.53977880841954 86.88387635756057
1024 89.56118444523725 86.7000835421888
1025 89.55404923296469 86.71679197994987
1026 89.58972529432751 86.83375104427736
1027 89.57545486978238 86.93400167084377
1028 89.6111309311452 86.90058479532163
1029 89.60399571887262 86.88387635756057
1030 89.55404923296469 86.76691729323308
1031 89.60399571887262 86.8170426065163
1032 89.56118444523725 86.85045948203843
1033 89.59686050660008 86.88387635756057
1034 89.58972529432751 86.78362573099415
1035 89.58972529432751 86.75020885547201
1036 89.59686050660008 86.8170426065163
1037 89.6111309311452 86.6499582289056
1038 89.58972529432751 86.73350041771094
1039 89.57545486978238 86.83375104427736
1040 89.59686050660008 86.8170426065163
1041 89.58259008205494 86.85045948203843
1042 89.61826614341777 86.85045948203843
1043 89.5683196575098 86.8170426065163
1044 89.6111309311452 86.88387635756057
1045 89.59686050660008 86.75020885547201
1046 89.6111309311452 86.75020885547201
1047 89.5683196575098 86.68337510442774
1048 89.6111309311452 86.80033416875523
1049 89.59686050660008 86.8671679197995
1050 89.61826614341777 86.88387635756057
1051 89.59686050660008 86.78362573099415
1052 89.59686050660008 86.73350041771094
1053 89.59686050660008 86.75020885547201
1054 89.58972529432751 86.9172932330827
1055 89.60399571887262 86.76691729323308
1056 89.59686050660008 86.88387635756057
1057 89.57545486978238 86.8671679197995
1058 89.60399571887262 86.78362573099415
1059 89.6111309311452 86.51629072681705
1060 89.58259008205494 86.76691729323308
1061 89.58259008205494 86.80033416875523
1062 89.58259008205494 86.8671679197995
1063 89.60399571887262 86.85045948203843
1064 89.5683196575098 86.68337510442774
1065 89.58972529432751 86.8170426065163
1066 89.5683196575098 87.03425229741019
1067 89.60399571887262 86.8671679197995
1068 89.61826614341777 86.78362573099415
1069 89.57545486978238 86.8671679197995
1070 89.59686050660008 86.68337510442774
1071 89.59686050660008 86.80033416875523
1072 89.63967178023546 86.73350041771094
1073 89.60399571887262 86.93400167084377
1074 89.59686050660008 86.66666666666667
1075 89.61826614341777 86.8671679197995
1076 89.6111309311452 86.78362573099415
1077 89.59686050660008 86.66666666666667
1078 89.58259008205494 86.8170426065163
1079 89.61826614341777 86.8671679197995
1080 89.60399571887262 86.76691729323308
1081 89.58259008205494 86.80033416875523
1082 89.58259008205494 86.78362573099415
1083 89.60399571887262 86.53299916457811
1084 89.59686050660008 86.83375104427736
1085 89.62540135569034 86.85045948203843
1086 89.6325365679629 86.78362573099415
1087 89.62540135569034 86.85045948203843
1088 89.58972529432751 86.93400167084377
1089 89.61826614341777 86.73350041771094
1090 89.59686050660008 86.8671679197995
1091 89.58972529432751 86.8170426065163
1092 89.61826614341777 86.85045948203843
1093 89.58972529432751 86.75020885547201
1094 89.62540135569034 86.7000835421888
1095 89.6111309311452 86.88387635756057
1096 89.58972529432751 86.8671679197995
1097 89.60399571887262 86.76691729323308
1098 89.62540135569034 86.73350041771094
1099 89.6111309311452 86.90058479532163
1100 89.59686050660008 86.8170426065163
1101 89.59686050660008 86.85045948203843
1102 89.61826614341777 86.9172932330827
1103 89.58972529432751 86.85045948203843
1104 89.57545486978238 86.80033416875523
1105 89.61826614341777 86.80033416875523
1106 89.61826614341777 86.8170426065163
1107 89.58972529432751 86.90058479532163
1108 89.6111309311452 86.8671679197995
1109 89.6111309311452 86.73350041771094
1110 89.61826614341777 86.8170426065163
1111 89.65394220478059 86.8170426065163
1112 89.6325365679629 86.83375104427736
1113 89.61826614341777 86.8170426065163
1114 89.6111309311452 86.76691729323308
1115 89.61826614341777 86.68337510442774
1116 89.57545486978238 86.76691729323308
1117 89.58259008205494 86.9172932330827
1118 89.63967178023546 86.85045948203843
1119 89.60399571887262 86.8170426065163
1120 89.61826614341777 86.83375104427736
1121 89.6111309311452 86.8170426065163
1122 89.59686050660008 86.88387635756057
1123 89.6111309311452 86.80033416875523
1124 89.62540135569034 86.83375104427736
1125 89.59686050660008 86.78362573099415
1126 89.58972529432751 86.8170426065163
1127 89.62540135569034 86.73350041771094
1128 89.63967178023546 86.90058479532163
1129 89.61826614341777 86.88387635756057
1130 89.6111309311452 86.80033416875523
1131 89.60399571887262 86.85045948203843
1132 89.58972529432751 86.90058479532163
1133 89.63967178023546 86.78362573099415
1134 89.6111309311452 86.78362573099415
1135 89.62540135569034 86.7000835421888
1136 89.57545486978238 86.88387635756057
1137 89.64680699250803 86.8671679197995
1138 89.63967178023546 86.8671679197995
1139 89.6325365679629 86.85045948203843
1140 89.60399571887262 86.66666666666667
1141 89.64680699250803 86.7000835421888
1142 89.65394220478059 86.85045948203843
1143 89.6325365679629 86.68337510442774
1144 89.6325365679629 86.66666666666667
1145 89.62540135569034 86.56641604010025
1146 89.60399571887262 86.90058479532163
1147 89.62540135569034 86.8671679197995
1148 89.62540135569034 86.73350041771094
1149 89.59686050660008 86.8671679197995
1150 89.60399571887262 86.80033416875523
1151 89.59686050660008 86.90058479532163
1152 89.62540135569034 86.8671679197995
1153 89.66107741705316 86.83375104427736
1154 89.62540135569034 86.8170426065163
1155 89.63967178023546 86.58312447786132
1156 89.64680699250803 86.73350041771094
1157 89.6111309311452 86.80033416875523
1158 89.64680699250803 86.83375104427736
1159 89.6325365679629 86.68337510442774
1160 89.6325365679629 86.8170426065163
1161 89.63967178023546 86.83375104427736
1162 89.64680699250803 86.83375104427736
1163 89.67534784159828 86.88387635756057
1164 89.63967178023546 86.8170426065163
1165 89.62540135569034 86.71679197994987
1166 89.62540135569034 86.95071010860485
1167 89.63967178023546 86.88387635756057
1168 89.6325365679629 86.8671679197995
1169 89.68248305387085 86.78362573099415
1170 89.64680699250803 86.80033416875523
1171 89.6325365679629 86.76691729323308
1172 89.66821262932572 86.71679197994987
1173 89.64680699250803 86.71679197994987
1174 89.64680699250803 86.80033416875523
1175 89.63967178023546 86.83375104427736
1176 89.66821262932572 86.71679197994987
1177 89.66821262932572 86.85045948203843
1178 89.67534784159828 86.8170426065163
1179 89.63967178023546 86.59983291562239
1180 89.66821262932572 86.88387635756057
1181 89.67534784159828 86.83375104427736
1182 89.66821262932572 86.93400167084377
1183 89.66821262932572 86.95071010860485
1184 89.67534784159828 86.88387635756057
1185 89.67534784159828 86.90058479532163
1186 89.65394220478059 86.8170426065163
1187 89.66107741705316 86.85045948203843
1188 89.68248305387085 86.9172932330827
1189 89.65394220478059 86.71679197994987
1190 89.64680699250803 86.9172932330827
1191 89.66821262932572 86.98412698412699
1192 89.66107741705316 86.85045948203843
1193 89.66107741705316 86.93400167084377
1194 89.66821262932572 86.93400167084377
1195 89.66821262932572 86.9172932330827
1196 89.64680699250803 86.90058479532163
1197 89.67534784159828 86.85045948203843
1198 89.66821262932572 86.9172932330827
1199 89.66821262932572 86.71679197994987
1200 89.65394220478059 86.85045948203843
1201 89.66821262932572 86.88387635756057
1202 89.67534784159828 86.88387635756057
1203 89.67534784159828 86.95071010860485
1204 89.66107741705316 86.9172932330827
1205 89.66821262932572 86.73350041771094
1206 89.68961826614343 86.8170426065163
1207 89.64680699250803 86.76691729323308
1208 89.66107741705316 86.88387635756057
1209 89.68248305387085 86.8671679197995
1210 89.66821262932572 86.96741854636592
1211 89.68248305387085 86.8671679197995
1212 89.66821262932572 86.93400167084377
1213 89.68248305387085 86.8671679197995
1214 89.69675347841599 86.98412698412699
1215 89.67534784159828 86.8671679197995
1216 89.72529432750625 86.71679197994987
1217 89.68248305387085 86.90058479532163
1218 89.65394220478059 86.76691729323308
1219 89.68248305387085 86.85045948203843
1220 89.68961826614343 86.90058479532163
1221 89.68248305387085 86.9172932330827
1222 89.71102390296112 86.96741854636592
1223 89.69675347841599 86.98412698412699
1224 89.70388869068854 86.93400167084377
1225 89.71815911523368 87.00083542188806
1226 89.68961826614343 86.95071010860485
1227 89.70388869068854 86.96741854636592
1228 89.69675347841599 86.93400167084377
1229 89.69675347841599 87.00083542188806
1230 89.70388869068854 86.96741854636592
1231 89.69675347841599 87.01754385964912
1232 89.69675347841599 86.96741854636592
1233 89.68961826614343 86.98412698412699
1234 89.68961826614343 86.98412698412699
1235 89.68961826614343 86.96741854636592
1236 89.68961826614343 87.00083542188806
1237 89.68961826614343 86.98412698412699
1238 89.68961826614343 87.00083542188806
1239 89.68961826614343 86.98412698412699
1240 89.68961826614343 86.98412698412699
1241 89.68961826614343 86.98412698412699
1242 89.68961826614343 87.00083542188806
1243 89.68961826614343 87.00083542188806
1244 89.69675347841599 87.00083542188806
1245 89.69675347841599 86.98412698412699
1246 89.68961826614343 86.98412698412699
1247 89.68961826614343 86.98412698412699
1248 89.69675347841599 86.98412698412699
1249 89.69675347841599 87.00083542188806
1250 89.69675347841599 86.96741854636592
1251 89.69675347841599 87.00083542188806
1252 89.70388869068854 87.00083542188806
1253 89.70388869068854 87.01754385964912
1254 89.69675347841599 87.01754385964912
1255 89.69675347841599 87.05096073517126
1256 89.69675347841599 87.05096073517126
1257 89.69675347841599 87.05096073517126
1258 89.69675347841599 87.06766917293233
1259 89.69675347841599 87.06766917293233
1260 89.68961826614343 87.06766917293233
1261 89.68961826614343 87.06766917293233
1262 89.68961826614343 87.05096073517126
1263 89.69675347841599 87.06766917293233
1264 89.68961826614343 87.06766917293233
1265 89.71102390296112 87.06766917293233
1266 89.69675347841599 87.05096073517126
1267 89.71815911523368 87.03425229741019
1268 89.71102390296112 87.03425229741019
1269 89.71102390296112 87.05096073517126
1270 89.70388869068854 87.01754385964912
1271 89.71815911523368 87.06766917293233
1272 89.71815911523368 87.01754385964912
1273 89.71102390296112 87.01754385964912
1274 89.71102390296112 87.03425229741019
1275 89.71102390296112 87.05096073517126
1276 89.71815911523368 87.03425229741019
1277 89.71815911523368 87.06766917293233
1278 89.71815911523368 87.06766917293233
1279 89.71815911523368 87.0843776106934
1280 89.71815911523368 87.10108604845446
1281 89.71815911523368 87.0843776106934
1282 89.71815911523368 87.10108604845446
1283 89.71815911523368 87.0843776106934
1284 89.71102390296112 87.0843776106934
1285 89.71102390296112 87.0843776106934
1286 89.71102390296112 87.06766917293233
1287 89.71102390296112 87.0843776106934
1288 89.71102390296112 87.0843776106934
1289 89.71102390296112 87.06766917293233
1290 89.71102390296112 87.05096073517126
1291 89.71102390296112 87.05096073517126
1292 89.71102390296112 87.01754385964912
1293 89.71102390296112 87.01754385964912
1294 89.71102390296112 87.01754385964912
1295 89.71102390296112 87.01754385964912
1296 89.71102390296112 87.03425229741019
1297 89.71102390296112 87.03425229741019
1298 89.71102390296112 87.03425229741019
1299 89.71102390296112 87.01754385964912
1300 89.71102390296112 87.01754385964912
1301 89.71102390296112 87.00083542188806
1302 89.71102390296112 87.00083542188806
1303 89.71102390296112 87.00083542188806
1304 89.71102390296112 86.98412698412699
1305 89.71102390296112 86.98412698412699
1306 89.71102390296112 86.98412698412699
1307 89.71102390296112 86.98412698412699
1308 89.71102390296112 86.98412698412699
1309 89.71102390296112 86.98412698412699
1310 89.71102390296112 86.98412698412699
1311 89.71102390296112 87.00083542188806
1312 89.71102390296112 86.98412698412699
1313 89.71102390296112 86.98412698412699
1314 89.71102390296112 86.98412698412699
1315 89.71102390296112 86.96741854636592
1316 89.71102390296112 86.98412698412699
1317 89.71102390296112 86.96741854636592
1318 89.71102390296112 86.96741854636592
1319 89.71815911523368 86.96741854636592
1320 89.71815911523368 86.96741854636592
1321 89.71815911523368 86.96741854636592
1322 89.71815911523368 86.96741854636592
1323 89.71815911523368 86.96741854636592
1324 89.71815911523368 86.98412698412699
1325 89.71815911523368 86.98412698412699
1326 89.71815911523368 87.00083542188806
1327 89.71815911523368 87.00083542188806
1328 89.72529432750625 87.00083542188806
1329 89.72529432750625 87.00083542188806
1330 89.71815911523368 87.00083542188806
1331 89.71815911523368 87.00083542188806
1332 89.71815911523368 87.00083542188806
1333 89.71815911523368 87.01754385964912
1334 89.71815911523368 87.01754385964912
1335 89.71815911523368 87.01754385964912
1336 89.71815911523368 87.01754385964912
1337 89.71815911523368 87.01754385964912
1338 89.72529432750625 87.01754385964912
1339 89.72529432750625 87.01754385964912
1340 89.72529432750625 87.01754385964912
1341 89.72529432750625 87.01754385964912
1342 89.72529432750625 87.00083542188806
1343 89.72529432750625 86.98412698412699
1344 89.72529432750625 87.00083542188806
1345 89.72529432750625 87.00083542188806
1346 89.7324295397788 86.98412698412699
1347 89.7324295397788 86.98412698412699
1348 89.7324295397788 86.98412698412699
1349 89.7324295397788 86.98412698412699
1350 89.7324295397788 86.98412698412699
1351 89.72529432750625 87.00083542188806
1352 89.72529432750625 87.00083542188806
1353 89.72529432750625 87.00083542188806
1354 89.72529432750625 86.98412698412699
1355 89.72529432750625 86.98412698412699
1356 89.71815911523368 87.00083542188806
1357 89.72529432750625 86.98412698412699
1358 89.7324295397788 86.98412698412699
1359 89.7324295397788 86.95071010860485
1360 89.7324295397788 86.96741854636592
1361 89.72529432750625 86.95071010860485
1362 89.7324295397788 87.00083542188806
1363 89.7324295397788 87.00083542188806
1364 89.7324295397788 87.00083542188806
1365 89.7324295397788 87.00083542188806
1366 89.7324295397788 87.00083542188806
1367 89.7324295397788 87.01754385964912
1368 89.72529432750625 87.00083542188806
1369 89.7324295397788 86.98412698412699
1370 89.7324295397788 86.96741854636592
1371 89.7324295397788 86.95071010860485
1372 89.7324295397788 86.95071010860485
1373 89.7324295397788 86.96741854636592
1374 89.72529432750625 86.96741854636592
1375 89.72529432750625 86.96741854636592
1376 89.72529432750625 86.96741854636592
1377 89.72529432750625 86.96741854636592
1378 89.72529432750625 86.95071010860485
1379 89.72529432750625 86.96741854636592
1380 89.72529432750625 86.96741854636592
1381 89.72529432750625 86.96741854636592
1382 89.72529432750625 86.95071010860485
1383 89.7324295397788 86.96741854636592
1384 89.7324295397788 86.95071010860485
1385 89.7324295397788 86.96741854636592
1386 89.7324295397788 86.96741854636592
1387 89.7324295397788 86.98412698412699
1388 89.7324295397788 86.98412698412699
1389 89.7324295397788 86.98412698412699
1390 89.7324295397788 87.00083542188806
1391 89.7324295397788 87.05096073517126
1392 89.7324295397788 87.05096073517126
1393 89.73956475205136 87.05096073517126
1394 89.73956475205136 87.05096073517126
1395 89.7324295397788 87.03425229741019
1396 89.7324295397788 87.03425229741019
1397 89.7324295397788 87.03425229741019
1398 89.73956475205136 87.03425229741019
1399 89.73956475205136 87.01754385964912
1400 89.73956475205136 87.03425229741019
1401 89.73956475205136 87.00083542188806
1402 89.7324295397788 87.01754385964912
1403 89.7324295397788 87.05096073517126
1404 89.72529432750625 87.05096073517126
1405 89.72529432750625 87.05096073517126
1406 89.72529432750625 87.0843776106934
1407 89.72529432750625 87.06766917293233
1408 89.7324295397788 87.06766917293233
1409 89.72529432750625 87.0843776106934
1410 89.72529432750625 87.0843776106934
1411 89.7324295397788 87.10108604845446
1412 89.7324295397788 87.10108604845446
1413 89.7324295397788 87.10108604845446
1414 89.7324295397788 87.10108604845446
1415 89.7324295397788 87.10108604845446
1416 89.7324295397788 87.10108604845446
1417 89.7324295397788 87.0843776106934
1418 89.7324295397788 87.0843776106934
1419 89.7324295397788 87.0843776106934
1420 89.7324295397788 87.0843776106934
1421 89.7324295397788 87.0843776106934
1422 89.7324295397788 87.0843776106934
1423 89.7324295397788 87.0843776106934
1424 89.7324295397788 87.0843776106934
1425 89.73956475205136 87.0843776106934
1426 89.73956475205136 87.0843776106934
1427 89.73956475205136 87.10108604845446
1428 89.73956475205136 87.10108604845446
1429 89.73956475205136 87.11779448621554
1430 89.73956475205136 87.10108604845446
1431 89.73956475205136 87.10108604845446
1432 89.73956475205136 87.11779448621554
1433 89.73956475205136 87.11779448621554
1434 89.73956475205136 87.11779448621554
1435 89.73956475205136 87.11779448621554
1436 89.73956475205136 87.13450292397661
1437 89.73956475205136 87.11779448621554
1438 89.7324295397788 87.10108604845446
1439 89.7324295397788 87.11779448621554
1440 89.73956475205136 87.0843776106934
1441 89.74669996432394 87.11779448621554
1442 89.74669996432394 87.11779448621554
1443 89.73956475205136 87.10108604845446
1444 89.73956475205136 87.10108604845446
1445 89.73956475205136 87.11779448621554
1446 89.73956475205136 87.13450292397661
1447 89.72529432750625 87.11779448621554
1448 89.72529432750625 87.10108604845446
1449 89.72529432750625 87.10108604845446
1450 89.7324295397788 87.06766917293233
1451 89.76810560114163 86.8671679197995
1452 89.67534784159828 86.68337510442774
1453 89.70388869068854 86.68337510442774
1454 89.68248305387085 86.80033416875523
1455 89.71102390296112 86.8170426065163
1456 89.72529432750625 86.4327485380117
1457 89.72529432750625 86.61654135338345
1458 89.76097038886907 87.00083542188806
1459 89.69675347841599 86.83375104427736
1460 89.71815911523368 86.90058479532163
1461 89.7324295397788 86.93400167084377
1462 89.72529432750625 86.95071010860485
1463 89.69675347841599 86.93400167084377
1464 89.71102390296112 86.80033416875523
1465 89.70388869068854 86.73350041771094
1466 89.70388869068854 86.66666666666667
1467 89.75383517659651 86.75020885547201
1468 89.70388869068854 86.88387635756057
1469 89.71815911523368 87.01754385964912
1470 89.70388869068854 86.96741854636592
1471 89.74669996432394 87.01754385964912
1472 89.71102390296112 86.98412698412699
1473 89.73956475205136 87.01754385964912
1474 89.71102390296112 86.95071010860485
1475 89.71102390296112 86.9172932330827
1476 89.7324295397788 86.90058479532163
1477 89.68961826614343 86.95071010860485
1478 89.72529432750625 86.9172932330827
1479 89.7324295397788 87.03425229741019
1480 89.68248305387085 86.90058479532163
1481 89.75383517659651 86.9172932330827
1482 89.72529432750625 86.96741854636592
1483 89.75383517659651 86.83375104427736
1484 89.72529432750625 87.10108604845446
1485 89.74669996432394 86.96741854636592
1486 89.76097038886907 87.0843776106934
1487 89.7324295397788 87.11779448621554
1488 89.75383517659651 87.00083542188806
1489 89.74669996432394 86.88387635756057
1490 89.75383517659651 86.58312447786132
1491 89.7324295397788 87.00083542188806
1492 89.71815911523368 86.98412698412699
1493 89.7752408134142 87.01754385964912
1494 89.72529432750625 86.95071010860485
1495 89.71102390296112 87.05096073517126
1496 89.68961826614343 87.05096073517126
1497 89.74669996432394 86.9172932330827
1498 89.69675347841599 86.9172932330827
1499 89.76097038886907 86.98412698412699
1500 89.67534784159828 86.9172932330827
1501 89.7752408134142 87.00083542188806
1502 89.76810560114163 87.01754385964912
1503 89.74669996432394 87.06766917293233
1504 89.75383517659651 86.96741854636592
1505 89.75383517659651 86.83375104427736
1506 89.76097038886907 86.90058479532163
1507 89.7324295397788 86.9172932330827
1508 89.68961826614343 87.01754385964912
1509 89.7324295397788 86.96741854636592
1510 89.7324295397788 86.96741854636592
1511 89.76810560114163 87.11779448621554
1512 89.72529432750625 87.05096073517126
1513 89.69675347841599 86.98412698412699
1514 89.73956475205136 86.98412698412699
1515 89.75383517659651 86.9172932330827
1516 89.72529432750625 86.93400167084377
1517 89.74669996432394 87.05096073517126
1518 89.73956475205136 86.71679197994987
1519 89.76810560114163 86.98412698412699
1520 89.71102390296112 86.95071010860485
1521 89.73956475205136 86.98412698412699
1522 89.73956475205136 86.90058479532163
1523 89.74669996432394 87.05096073517126
1524 89.76810560114163 87.05096073517126
1525 89.74669996432394 87.06766917293233
1526 89.74669996432394 87.05096073517126
1527 89.7752408134142 86.9172932330827
1528 89.68248305387085 86.96741854636592
1529 89.72529432750625 86.8671679197995
1530 89.75383517659651 86.9172932330827
1531 89.76810560114163 86.90058479532163
1532 89.74669996432394 86.98412698412699
1533 89.72529432750625 86.96741854636592
1534 89.76097038886907 87.03425229741019
1535 89.76097038886907 86.9172932330827
1536 89.73956475205136 87.00083542188806
1537 89.7324295397788 86.96741854636592
1538 89.74669996432394 87.06766917293233
1539 89.76097038886907 87.03425229741019
1540 89.73956475205136 86.93400167084377
1541 89.75383517659651 86.88387635756057
1542 89.73956475205136 87.03425229741019
1543 89.75383517659651 87.0843776106934
1544 89.78237602568676 87.05096073517126
1545 89.78237602568676 87.0843776106934
1546 89.7752408134142 86.8671679197995
1547 89.7752408134142 86.98412698412699
1548 89.75383517659651 87.10108604845446
1549 89.7752408134142 87.06766917293233
1550 89.76097038886907 87.0843776106934
1551 89.76810560114163 87.0843776106934
1552 89.75383517659651 86.95071010860485
1553 89.78951123795933 87.05096073517126
1554 89.7752408134142 87.06766917293233
1555 89.76097038886907 87.10108604845446
1556 89.75383517659651 87.06766917293233
1557 89.76097038886907 87.01754385964912
1558 89.7324295397788 87.00083542188806
1559 89.78951123795933 86.98412698412699
1560 89.76810560114163 86.96741854636592
1561 89.75383517659651 86.96741854636592
1562 89.76097038886907 87.06766917293233
1563 89.74669996432394 86.98412698412699
1564 89.76810560114163 86.90058479532163
1565 89.78951123795933 86.88387635756057
1566 89.75383517659651 87.11779448621554
1567 89.7752408134142 86.93400167084377
1568 89.78237602568676 87.06766917293233
1569 89.74669996432394 87.00083542188806
1570 89.76810560114163 87.05096073517126
1571 89.76097038886907 87.01754385964912
1572 89.78237602568676 86.93400167084377
1573 89.75383517659651 87.06766917293233
1574 89.76810560114163 86.93400167084377
1575 89.78951123795933 87.03425229741019
1576 89.78951123795933 86.98412698412699
1577 89.78237602568676 87.01754385964912
1578 89.76810560114163 86.98412698412699
1579 89.7752408134142 87.00083542188806
1580 89.7752408134142 87.01754385964912
1581 89.7752408134142 87.03425229741019
1582 89.78237602568676 87.05096073517126
1583 89.76810560114163 87.05096073517126
1584 89.7752408134142 87.10108604845446
1585 89.76810560114163 87.10108604845446
1586 89.7752408134142 87.0843776106934
1587 89.7752408134142 87.06766917293233
1588 89.7752408134142 87.05096073517126
1589 89.7752408134142 87.05096073517126
1590 89.7752408134142 87.06766917293233
1591 89.7752408134142 87.10108604845446
1592 89.7752408134142 87.0843776106934
1593 89.7752408134142 87.10108604845446
1594 89.7752408134142 87.0843776106934
1595 89.7752408134142 87.0843776106934
1596 89.7752408134142 87.0843776106934
1597 89.7752408134142 87.06766917293233
1598 89.7752408134142 87.0843776106934
1599 89.7752408134142 87.06766917293233
1600 89.80378166250446 87.0843776106934
1601 89.7966464502319 87.05096073517126
1602 89.78951123795933 87.06766917293233
1603 89.76810560114163 87.0843776106934
1604 89.7752408134142 87.06766917293233
1605 89.7752408134142 87.06766917293233
1606 89.78237602568676 87.0843776106934
1607 89.78237602568676 87.10108604845446
1608 89.78237602568676 87.0843776106934
1609 89.78237602568676 87.10108604845446
1610 89.78237602568676 87.10108604845446
1611 89.7752408134142 87.10108604845446
1612 89.7752408134142 87.0843776106934
1613 89.7752408134142 87.0843776106934
1614 89.7752408134142 87.06766917293233
1615 89.78237602568676 87.06766917293233
1616 89.78237602568676 87.06766917293233
1617 89.78237602568676 87.06766917293233
1618 89.78237602568676 87.06766917293233
1619 89.78237602568676 87.0843776106934
1620 89.78237602568676 87.0843776106934
1621 89.78237602568676 87.0843776106934
1622 89.78237602568676 87.0843776106934
1623 89.78237602568676 87.10108604845446
1624 89.78951123795933 87.10108604845446
1625 89.78951123795933 87.10108604845446
1626 89.78951123795933 87.10108604845446
1627 89.78951123795933 87.10108604845446
1628 89.78951123795933 87.0843776106934
1629 89.7966464502319 87.0843776106934
1630 89.7966464502319 87.0843776106934
1631 89.7966464502319 87.0843776106934
1632 89.7966464502319 87.0843776106934
1633 89.7966464502319 87.0843776106934
1634 89.7966464502319 87.0843776106934
1635 89.78951123795933 87.0843776106934
1636 89.78951123795933 87.0843776106934
1637 89.78951123795933 87.10108604845446
1638 89.78951123795933 87.11779448621554
1639 89.78237602568676 87.11779448621554
1640 89.78237602568676 87.11779448621554
1641 89.78237602568676 87.11779448621554
1642 89.78237602568676 87.11779448621554
1643 89.78237602568676 87.11779448621554
1644 89.78237602568676 87.11779448621554
1645 89.78237602568676 87.11779448621554
1646 89.78237602568676 87.11779448621554
1647 89.78237602568676 87.10108604845446
1648 89.78237602568676 87.10108604845446
1649 89.78237602568676 87.10108604845446
1650 89.78237602568676 87.10108604845446
1651 89.78237602568676 87.10108604845446
1652 89.78237602568676 87.10108604845446
1653 89.78237602568676 87.11779448621554
1654 89.78237602568676 87.11779448621554
1655 89.78237602568676 87.11779448621554
1656 89.78237602568676 87.11779448621554
1657 89.78237602568676 87.11779448621554
1658 89.78237602568676 87.11779448621554
1659 89.78237602568676 87.11779448621554
1660 89.78237602568676 87.11779448621554
1661 89.7752408134142 87.11779448621554
1662 89.7752408134142 87.10108604845446
1663 89.7752408134142 87.10108604845446
1664 89.7752408134142 87.0843776106934
1665 89.7752408134142 87.0843776106934
1666 89.7752408134142 87.0843776106934
1667 89.7752408134142 87.0843776106934
1668 89.7752408134142 87.0843776106934
1669 89.7752408134142 87.0843776106934
1670 89.7752408134142 87.0843776106934
1671 89.7752408134142 87.0843776106934
1672 89.7752408134142 87.0843776106934
1673 89.78237602568676 87.06766917293233
1674 89.76097038886907 87.0843776106934
1675 89.76810560114163 87.13450292397661
1676 89.76810560114163 87.0843776106934
1677 89.78237602568676 87.13450292397661
1678 89.76810560114163 87.15121136173768
1679 89.75383517659651 87.0843776106934
1680 89.80378166250446 87.0843776106934
1681 89.78237602568676 86.98412698412699
1682 89.76810560114163 86.88387635756057
1683 89.69675347841599 86.96741854636592
1684 89.78951123795933 86.68337510442774
1685 89.8180520870496 86.83375104427736
1686 89.76097038886907 87.06766917293233
1687 89.7752408134142 86.90058479532163
1688 89.78237602568676 87.0843776106934
1689 89.78951123795933 87.16791979949875
1690 89.78951123795933 87.11779448621554
1691 89.7966464502319 87.06766917293233
1692 89.81091687477702 87.26817042606515
1693 89.82518729932215 87.00083542188806
1694 89.76810560114163 87.25146198830409
1695 89.80378166250446 87.16791979949875
1696 89.7966464502319 87.13450292397661
1697 89.7752408134142 87.10108604845446
1698 89.81091687477702 87.15121136173768
1699 89.82518729932215 87.00083542188806
1700 89.80378166250446 86.8170426065163
1701 89.78951123795933 87.11779448621554
1702 89.8180520870496 87.03425229741019
1703 89.83232251159473 87.15121136173768
1704 89.7966464502319 87.11779448621554
1705 89.82518729932215 87.03425229741019
1706 89.81091687477702 87.13450292397661
1707 89.83232251159473 87.16791979949875
1708 89.80378166250446 87.15121136173768
1709 89.8180520870496 87.13450292397661
1710 89.8180520870496 87.05096073517126
1711 89.8180520870496 87.15121136173768
1712 89.7966464502319 86.95071010860485
1713 89.76097038886907 87.06766917293233
1714 89.78951123795933 87.0843776106934
1715 89.75383517659651 86.96741854636592
1716 89.7752408134142 86.88387635756057
1717 89.76097038886907 87.06766917293233
1718 89.78237602568676 87.05096073517126
1719 89.80378166250446 87.05096073517126
1720 89.81091687477702 87.11779448621554
1721 89.83232251159473 87.0843776106934
1722 89.82518729932215 87.15121136173768
1723 89.78951123795933 87.15121136173768
1724 89.7966464502319 87.11779448621554
1725 89.81091687477702 87.13450292397661
1726 89.81091687477702 87.16791979949875
1727 89.8180520870496 87.15121136173768
1728 89.8180520870496 87.18462823725982
1729 89.81091687477702 87.16791979949875
1730 89.8180520870496 87.13450292397661
1731 89.8180520870496 87.16791979949875
1732 89.8180520870496 87.15121136173768
1733 89.8180520870496 87.16791979949875
1734 89.82518729932215 87.18462823725982
1735 89.82518729932215 87.21804511278195
1736 89.83232251159473 87.15121136173768
1737 89.82518729932215 87.16791979949875
1738 89.8180520870496 87.18462823725982
1739 89.8180520870496 87.16791979949875
1740 89.81091687477702 87.15121136173768
1741 89.82518729932215 87.16791979949875
1742 89.8180520870496 87.16791979949875
1743 89.8180520870496 87.18462823725982
1744 89.8180520870496 87.18462823725982
1745 89.8180520870496 87.18462823725982
1746 89.8180520870496 87.18462823725982
1747 89.8180520870496 87.2013366750209
1748 89.8180520870496 87.2013366750209
1749 89.8180520870496 87.21804511278195
1750 89.8180520870496 87.2013366750209
1751 89.8180520870496 87.2013366750209
1752 89.8180520870496 87.2013366750209
1753 89.82518729932215 87.2013366750209
1754 89.83232251159473 87.2013366750209
1755 89.82518729932215 87.21804511278195
1756 89.82518729932215 87.21804511278195
1757 89.82518729932215 87.21804511278195
1758 89.82518729932215 87.21804511278195
1759 89.82518729932215 87.21804511278195
1760 89.82518729932215 87.21804511278195
1761 89.82518729932215 87.21804511278195
1762 89.82518729932215 87.21804511278195
1763 89.82518729932215 87.23475355054302
1764 89.82518729932215 87.23475355054302
1765 89.82518729932215 87.23475355054302
1766 89.82518729932215 87.23475355054302
1767 89.82518729932215 87.23475355054302
1768 89.83232251159473 87.23475355054302
1769 89.83232251159473 87.23475355054302
1770 89.83232251159473 87.21804511278195
1771 89.83945772386728 87.21804511278195
1772 89.83945772386728 87.21804511278195
1773 89.83945772386728 87.21804511278195
1774 89.83945772386728 87.21804511278195
1775 89.83232251159473 87.21804511278195
1776 89.83232251159473 87.21804511278195
1777 89.82518729932215 87.21804511278195
1778 89.82518729932215 87.21804511278195
1779 89.83232251159473 87.23475355054302
1780 89.83232251159473 87.2013366750209
1781 89.83232251159473 87.2013366750209
1782 89.83232251159473 87.18462823725982
1783 89.83945772386728 87.18462823725982
1784 89.83945772386728 87.2013366750209
1785 89.83232251159473 87.21804511278195
1786 89.83232251159473 87.21804511278195
1787 89.83232251159473 87.21804511278195
1788 89.83232251159473 87.21804511278195
1789 89.83232251159473 87.21804511278195
1790 89.83232251159473 87.21804511278195
1791 89.83232251159473 87.21804511278195
1792 89.83232251159473 87.21804511278195
1793 89.83232251159473 87.21804511278195
1794 89.83232251159473 87.21804511278195
1795 89.83232251159473 87.21804511278195
1796 89.83232251159473 87.21804511278195
1797 89.83232251159473 87.21804511278195
1798 89.83945772386728 87.2013366750209
1799 89.83945772386728 87.21804511278195
1800 89.83945772386728 87.21804511278195
1801 89.83945772386728 87.21804511278195
1802 89.83945772386728 87.21804511278195
1803 89.83945772386728 87.2013366750209
1804 89.83945772386728 87.2013366750209
1805 89.83945772386728 87.2013366750209
1806 89.83945772386728 87.21804511278195
1807 89.83945772386728 87.21804511278195
1808 89.84659293613984 87.23475355054302
1809 89.84659293613984 87.21804511278195
1810 89.84659293613984 87.18462823725982
1811 89.85372814841242 87.15121136173768
1812 89.85372814841242 87.15121136173768
1813 89.85372814841242 87.15121136173768
1814 89.86086336068499 87.15121136173768
1815 89.86799857295755 87.16791979949875
1816 89.86799857295755 87.16791979949875
1817 89.86799857295755 87.16791979949875
1818 89.86799857295755 87.15121136173768
1819 89.86799857295755 87.15121136173768
1820 89.86799857295755 87.11779448621554
1821 89.86799857295755 87.11779448621554
1822 89.86799857295755 87.13450292397661
1823 89.86799857295755 87.11779448621554
1824 89.86799857295755 87.06766917293233
1825 89.86799857295755 87.10108604845446
1826 89.86799857295755 87.21804511278195
1827 89.86086336068499 87.21804511278195
1828 89.88226899750268 87.21804511278195
1829 89.86799857295755 87.18462823725982
1830 89.86086336068499 87.2013366750209
1831 89.86086336068499 87.2013366750209
1832 89.86086336068499 87.2013366750209
1833 89.86086336068499 87.18462823725982
1834 89.86086336068499 87.18462823725982
1835 89.86086336068499 87.13450292397661
1836 89.86086336068499 87.13450292397661
1837 89.86086336068499 87.15121136173768
1838 89.86086336068499 87.15121136173768
1839 89.86086336068499 87.15121136173768
1840 89.86086336068499 87.15121136173768
1841 89.86086336068499 87.15121136173768
1842 89.86086336068499 87.15121136173768
1843 89.86086336068499 87.16791979949875
1844 89.86086336068499 87.16791979949875
1845 89.86086336068499 87.16791979949875
1846 89.86086336068499 87.16791979949875
1847 89.86086336068499 87.16791979949875
1848 89.86086336068499 87.16791979949875
1849 89.86086336068499 87.16791979949875
1850 89.86086336068499 87.16791979949875
1851 89.86086336068499 87.16791979949875
1852 89.86086336068499 87.16791979949875
1853 89.86086336068499 87.18462823725982
1854 89.86086336068499 87.2013366750209
1855 89.86086336068499 87.2013366750209
1856 89.86086336068499 87.18462823725982
1857 89.86086336068499 87.18462823725982
1858 89.86086336068499 87.18462823725982
1859 89.86086336068499 87.18462823725982
1860 89.86086336068499 87.18462823725982
1861 89.86086336068499 87.18462823725982
1862 89.86086336068499 87.18462823725982
1863 89.86086336068499 87.18462823725982
1864 89.86086336068499 87.18462823725982
1865 89.86086336068499 87.18462823725982
1866 89.86086336068499 87.18462823725982
1867 89.86086336068499 87.18462823725982
1868 89.86086336068499 87.16791979949875
1869 89.86086336068499 87.18462823725982
1870 89.86086336068499 87.18462823725982
1871 89.86086336068499 87.16791979949875
1872 89.86086336068499 87.16791979949875
1873 89.86086336068499 87.16791979949875
1874 89.86799857295755 87.16791979949875
1875 89.86799857295755 87.16791979949875
1876 89.86799857295755 87.16791979949875
1877 89.86799857295755 87.18462823725982
1878 89.86799857295755 87.2013366750209
1879 89.86799857295755 87.2013366750209
1880 89.86799857295755 87.2013366750209
1881 89.88226899750268 87.2013366750209
1882 89.88226899750268 87.2013366750209
1883 89.88226899750268 87.21804511278195
1884 89.88226899750268 87.21804511278195
1885 89.88226899750268 87.21804511278195
1886 89.88226899750268 87.21804511278195
1887 89.88226899750268 87.21804511278195
1888 89.88226899750268 87.21804511278195
1889 89.88226899750268 87.21804511278195
1890 89.8751337852301 87.2013366750209
1891 89.8751337852301 87.2013366750209
1892 89.8751337852301 87.2013366750209
1893 89.8751337852301 87.2013366750209
1894 89.86799857295755 87.18462823725982
1895 89.86799857295755 87.2013366750209
1896 89.86799857295755 87.21804511278195
1897 89.86799857295755 87.21804511278195
1898 89.86799857295755 87.21804511278195
1899 89.86799857295755 87.21804511278195
1900 89.86799857295755 87.21804511278195
1901 89.86799857295755 87.21804511278195
1902 89.8751337852301 87.2013366750209
1903 89.88226899750268 87.18462823725982
1904 89.88226899750268 87.18462823725982
1905 89.88226899750268 87.18462823725982
1906 89.88226899750268 87.16791979949875
1907 89.88226899750268 87.16791979949875
1908 89.88226899750268 87.15121136173768
1909 89.88226899750268 87.16791979949875
1910 89.88226899750268 87.16791979949875
1911 89.8751337852301 87.18462823725982
1912 89.88226899750268 87.2013366750209
1913 89.88226899750268 87.2013366750209
1914 89.88940420977524 87.2013366750209
1915 89.88940420977524 87.18462823725982
1916 89.90367463432037 87.16791979949875
1917 89.89653942204781 87.16791979949875
1918 89.90367463432037 87.18462823725982
1919 89.90367463432037 87.16791979949875
1920 89.90367463432037 87.13450292397661
1921 89.89653942204781 87.15121136173768
1922 89.89653942204781 87.11779448621554
1923 89.89653942204781 87.11779448621554
1924 89.89653942204781 87.11779448621554
1925 89.89653942204781 87.06766917293233
1926 89.89653942204781 87.05096073517126
1927 89.90367463432037 87.01754385964912
1928 89.90367463432037 87.00083542188806
1929 89.90367463432037 86.96741854636592
1930 89.90367463432037 86.95071010860485
1931 89.90367463432037 86.96741854636592
1932 89.90367463432037 86.96741854636592
1933 89.90367463432037 86.98412698412699
1934 89.91080984659293 86.98412698412699
1935 89.91080984659293 86.98412698412699
1936 89.91080984659293 86.96741854636592
1937 89.91080984659293 87.00083542188806
1938 89.91080984659293 87.01754385964912
1939 89.91080984659293 87.03425229741019
1940 89.91080984659293 87.05096073517126
1941 89.90367463432037 87.0843776106934
1942 89.91080984659293 87.10108604845446
1943 89.9179450588655 87.11779448621554
1944 89.9179450588655 87.13450292397661
1945 89.92508027113807 87.15121136173768
1946 89.93221548341063 87.0843776106934
1947 89.93221548341063 87.06766917293233
1948 89.92508027113807 87.06766917293233
1949 89.93221548341063 87.05096073517126
1950 89.93221548341063 87.05096073517126
1951 89.9393506956832 87.05096073517126
1952 89.9393506956832 87.03425229741019
1953 89.92508027113807 87.06766917293233
1954 89.86799857295755 87.01754385964912
1955 89.94648590795576 86.8671679197995
1956 89.86086336068499 86.95071010860485
1957 89.85372814841242 87.01754385964912
1958 89.88940420977524 86.9172932330827
1959 89.80378166250446 87.01754385964912
1960 89.86086336068499 86.9172932330827
1961 89.8751337852301 86.93400167084377
1962 89.9179450588655 86.93400167084377
1963 89.88940420977524 87.13450292397661
1964 89.91080984659293 87.0843776106934
1965 89.9179450588655 86.95071010860485
1966 89.9179450588655 86.88387635756057
1967 89.89653942204781 87.01754385964912
1968 89.91080984659293 87.15121136173768
1969 89.88940420977524 87.06766917293233
1970 89.89653942204781 86.8671679197995
1971 89.89653942204781 86.8170426065163
1972 89.91080984659293 86.95071010860485
1973 89.91080984659293 86.8170426065163
1974 89.94648590795576 86.8671679197995
1975 89.90367463432037 86.96741854636592
1976 89.90367463432037 86.90058479532163
1977 89.9393506956832 86.8170426065163
1978 89.88940420977524 86.93400167084377
1979 89.88940420977524 87.00083542188806
1980 89.9393506956832 86.90058479532163
1981 89.9393506956832 86.88387635756057
1982 89.92508027113807 86.93400167084377
1983 89.85372814841242 86.95071010860485
1984 89.84659293613984 87.05096073517126
1985 89.85372814841242 86.68337510442774
1986 89.92508027113807 87.21804511278195
1987 89.91080984659293 87.18462823725982
1988 89.84659293613984 86.95071010860485
1989 89.90367463432037 87.05096073517126
1990 89.8751337852301 86.98412698412699
1991 89.91080984659293 87.05096073517126
1992 89.88940420977524 86.90058479532163
1993 89.86799857295755 87.0843776106934
1994 89.90367463432037 86.95071010860485
1995 89.88226899750268 86.8671679197995
1996 89.9179450588655 87.00083542188806
1997 89.92508027113807 86.9172932330827
1998 89.9179450588655 86.76691729323308
1999 89.90367463432037 86.83375104427736
2000 89.93221548341063 87.10108604845446
