1 36.73207277916518 59.09774436090226
2 65.28719229397075 66.96741854636592
3 71.04530859793078 74.72013366750208
4 74.09204423831609 75.18796992481202
5 76.0114163396361 78.62990810359231
6 77.75954334641456 80.48454469507101
7 78.7727434891188 76.57477025898078
8 80.07135212272564 80.0501253132832
9 80.53514092044239 81.203007518797
10 81.22012129860863 82.32247284878864
11 81.84801997859437 82.2890559732665
12 82.54727078130574 82.79030910609858
13 83.1680342490189 81.35338345864662
14 83.1894398858366 83.5421888053467
15 83.74598644309668 80.95238095238095
16 83.9671780235462 83.3249791144528
17 84.5808062789868 82.70676691729322
18 84.55940064216911 81.2531328320802
19 85.06600071352123 83.17460317460318
20 84.94470210488761 82.63993316624895
21 85.2372458080628 84.01002506265665
22 85.49411344987513 82.52297410192148
23 85.88655012486622 82.25563909774436
24 85.93649661077417 80.96908939014202
25 85.97217267213699 83.22472848788638
26 85.93649661077417 84.86215538847118
27 86.25044595076704 84.71177944862156
28 86.24331073849447 84.74519632414369
29 86.15768819122368 83.80952380952381
30 86.49304316803425 85.11278195488721
31 86.79272208348199 84.92898913951545
32 86.99964323938637 84.74519632414369
33 87.00677845165895 85.59732664995823
34 87.27078130574385 83.5421888053467
35 86.8712094184802 83.9766081871345
36 86.82839814484481 85.06265664160401
37 87.16375312165538 83.44193817878029
38 87.63467713164466 85.93149540517962
39 87.6061362825544 84.7953216374269
40 87.62040670709953 86.4327485380117
41 87.83446307527649 86.28237259816207
42 87.65608276846237 86.08187134502924
43 87.57046022119158 85.24644945697577
44 88.04138423118087 86.53299916457811
45 88.01997859436318 85.81453634085213
46 87.82019265073136 82.70676691729322
47 87.92008562254728 85.6140350877193
48 88.04138423118087 86.9172932330827
49 88.09133071708884 85.79782790309106
50 88.39100963253657 86.48287385129491
51 88.08419550481626 85.64745196324144
52 88.5265786657153 87.33500417710944
53 88.70495897252944 86.71679197994987
54 88.59079557616839 87.35171261487051
55 88.51230824117017 86.71679197994987
56 88.94755618979666 86.24895572263993
57 89.15447734570104 87.76942355889724
58 89.36139850160542 86.95071010860485
59 89.19728861933642 86.33249791144529
60 89.53977880841954 87.43525480367586
61 90.2247591865858 87.5689223057644
62 89.47556189796646 86.11528822055138
63 89.78237602568676 87.65246449456976
64 89.55404923296469 87.98663324979114
65 89.8751337852301 87.51879699248121
66 89.96789154477347 86.90058479532163
67 89.66107741705316 88.15371762740185
68 89.83945772386728 88.82205513784461
69 89.99643239386371 87.36842105263159
70 89.95362112022832 88.22055137844612
71 89.91080984659293 87.65246449456976
72 89.8180520870496 86.61654135338345
73 90.28897609703888 87.58563074352548
74 90.23902961113093 87.8529657477026
75 90.46022119158044 87.55221386800334
76 90.41740991794505 85.74770258980784
77 90.23189439885837 88.47117794486216
78 90.80271138066357 87.81954887218045
79 90.44595076703533 88.37092731829574
80 90.37459864430967 87.83625730994153
81 90.30324652158401 87.53550543024228
82 90.50303246521584 88.35421888053467
83 90.92400998929719 88.25396825396825
84 90.631466286122 87.48538011695906
85 90.72422404566535 88.53801169590643
86 90.76703531930075 86.83375104427736
87 90.92400998929719 87.28487886382624
88 90.55297895112379 87.76942355889724
89 90.80271138066357 88.9891395154553
90 90.90260435247949 85.89807852965747
91 91.13806635747413 88.30409356725146
92 90.94541562611488 88.97243107769424
93 90.93114520156975 88.10359231411863
94 91.05957902247593 88.20384294068505
95 91.05957902247593 85.69757727652465
96 90.63860149839458 88.57142857142857
97 90.85979307884409 86.49958228905598
98 91.20941848019979 89.22305764411027
99 91.44488048519443 88.5547201336675
100 91.55190866928291 87.88638262322472
101 91.20228326792721 87.40183792815371
102 91.1666072065644 88.9891395154553
103 91.29504102747057 89.07268170426065
104 91.43061006064931 89.07268170426065
105 91.58758473064573 88.53801169590643
106 91.58758473064573 88.92230576441102
107 91.36639315019622 88.28738512949039
108 91.25222975383518 89.47368421052632
109 91.41633963610417 89.32330827067669
110 91.65893685337139 88.37092731829574
111 91.50196218337496 89.00584795321637
112 91.42347484837674 88.15371762740185
113 91.53050303246522 88.23725981620719
114 91.50909739564752 88.87218045112782
115 91.25222975383518 90.04177109440268
116 91.43774527292187 89.2564745196324
117 91.73028897609704 88.67167919799499
118 91.6375312165537 89.40685045948203
119 91.99429183018195 88.62155388471177
120 91.86585800927578 89.23976608187134
121 91.93007491972887 88.95572263993317
122 91.83018194791295 88.73851294903926
123 92.02996789154477 88.97243107769424
124 92.22261862290402 88.57142857142857
125 91.60899036746343 89.28989139515456
126 91.38066357474135 88.93901420217209
127 91.73028897609704 89.13951545530493
128 91.53050303246522 87.8529657477026
129 91.60899036746343 89.20634920634922
130 91.69461291473421 89.23976608187134
131 92.2297538351766 87.78613199665831
132 92.11559043881556 89.39014202172096
133 92.02996789154477 89.70760233918129
134 92.23688904744917 89.156223893066
135 91.8801284338209 89.23976608187134
136 91.87299322154834 88.43776106934001
137 92.27256510881199 89.20634920634922
138 92.13699607563325 89.37343358395991
139 91.78737067427755 89.65747702589807
140 92.27970032108456 89.77443609022556
141 92.03710310381734 88.13700918964076
142 91.89439885836603 89.5906432748538
143 92.03710310381734 89.1060985797828
144 91.61612557973599 88.92230576441102
145 92.0442383160899 88.85547201336675
146 92.0442383160899 89.1060985797828
147 91.93007491972887 87.81954887218045
148 91.89439885836603 89.22305764411027
149 91.78737067427755 88.7719298245614
150 92.15126650017838 87.70258980785297
151 92.32251159471994 89.74101921470343
152 92.2297538351766 90.04177109440268
153 92.34391723153765 89.18964076858813
154 92.38672850517304 88.85547201336675
155 92.24402425972173 89.65747702589807
156 92.72921869425616 89.99164578111947
157 92.47948626471637 89.35672514619884
158 92.30110595790225 90.42606516290726
159 92.0228326792722 88.7719298245614
160 92.3296468069925 89.77443609022556
161 91.944345344274 89.72431077694235
162 92.32251159471994 88.75522138680033
163 92.07277916518017 89.39014202172096
164 92.17267213699608 89.69089390142022
165 92.27256510881199 89.79114452798663
166 92.05137352836246 89.02255639097744
167 92.15126650017838 88.97243107769424
168 92.52229753835176 89.49039264828738
169 92.50089190153406 89.82456140350877
170 92.17980734926864 90.34252297410193
171 92.82911166607207 90.60985797827902
172 92.37959329290047 89.35672514619884
173 92.28683553335712 89.87468671679198
174 92.38672850517304 88.53801169590643
175 92.19407777381377 89.17293233082707
176 92.23688904744917 89.72431077694235
177 92.34391723153765 89.84126984126985
178 92.02996789154477 89.47368421052632
179 92.07991437745274 89.62406015037594
180 92.3296468069925 88.80534670008355
181 91.9015340706386 89.90810359231412
182 92.45094541562612 89.17293233082707
183 92.50089190153406 89.44026733500418
184 92.54370317516945 90.00835421888054
185 92.50089190153406 89.640768588137
186 92.40813414199073 88.93901420217209
187 91.8801284338209 89.32330827067669
188 92.65073135925795 89.40685045948203
189 92.42240456653586 89.39014202172096
190 92.76489475561898 89.44026733500418
191 92.78630039243667 89.70760233918129
192 92.58651444880486 89.42355889724311
193 92.6578665715305 90.17543859649123
194 92.66500178380306 90.22556390977444
195 92.44381020335355 89.27318295739349
196 92.43667499108098 90.17543859649123
197 92.50089190153406 89.72431077694235
198 92.92900463788799 90.20885547201337
199 92.72921869425616 90.32581453634086
200 92.66500178380306 89.77443609022556
201 92.50802711380663 89.23976608187134
202 92.30110595790225 89.03926482873852
203 92.6792722083482 89.87468671679198
204 92.45094541562612 89.57393483709272
205 92.5365679628969 88.82205513784461
206 92.38672850517304 89.52380952380953
207 92.57937923653229 90.00835421888054
208 92.3510524438102 90.07518796992481
209 92.88619336425259 89.72431077694235
210 92.74348911880128 90.12531328320802
211 92.82911166607207 89.70760233918129
212 92.6364609347128 89.57393483709272
213 92.83624687834462 89.79114452798663
214 92.73635390652872 89.62406015037594
215 92.62219051016768 89.20634920634922
216 92.5579735997146 90.22556390977444
217 92.6364609347128 89.7577276524645
218 92.59364966107742 89.97493734335839
219 92.55083838744203 90.07518796992481
220 92.8647877274349 90.04177109440268
221 92.83624687834462 89.74101921470343
222 92.71494826971103 90.09189640768588
223 92.72921869425616 89.7577276524645
224 92.90759900107028 89.49039264828738
225 92.8005708169818 90.2422723475355
226 92.66500178380306 90.04177109440268
227 92.91473421334284 89.23976608187134
228 93.01462718515876 88.70509607351713
229 92.6364609347128 89.32330827067669
230 92.43667499108098 89.89139515455304
231 92.93613985016054 90.00835421888054
232 92.92900463788799 90.05847953216374
233 92.61505529789511 90.54302422723475
234 92.74348911880128 89.156223893066
235 92.57937923653229 89.90810359231412
236 92.59364966107742 88.67167919799499
237 92.61505529789511 88.97243107769424
238 92.70067784516588 89.52380952380953
239 92.56510881198714 89.640768588137
240 92.85765251516233 89.74101921470343
241 92.79343560470925 89.90810359231412
242 92.70781305743846 89.84126984126985
243 92.8433820906172 89.94152046783626
244 93.08597930788441 89.156223893066
245 93.20014270424545 89.67418546365916
246 92.50802711380663 90.27568922305764
247 92.83624687834462 90.1921470342523
248 92.87192293970745 87.70258980785297
249 92.52229753835176 89.49039264828738
250 92.95754548697823 89.37343358395991
251 92.65073135925795 89.79114452798663
252 92.93613985016054 89.85797827903092
253 92.92186942561541 89.85797827903092
254 92.97181591152336 89.52380952380953
255 92.90046378879772 89.34001670843776
256 92.99322154834107 89.50710108604845
257 92.97181591152336 89.640768588137
258 92.99322154834107 89.89139515455304
259 92.65073135925795 89.62406015037594
260 92.89332857652515 90.30910609857979
261 92.73635390652872 89.640768588137
262 92.57937923653229 88.87218045112782
263 92.60792008562255 89.07268170426065
264 93.06457367106673 89.70760233918129
265 92.9646806992508 90.25898078529657
266 92.97895112379592 89.7577276524645
267 92.8005708169818 89.92481203007519
268 92.5151623260792 89.1060985797828
269 92.85051730288976 89.87468671679198
270 92.72208348198359 89.55722639933165
271 92.5151623260792 89.17293233082707
272 92.54370317516945 89.32330827067669
273 92.60792008562255 89.02255639097744
274 92.8005708169818 89.90810359231412
275 92.93613985016054 89.17293233082707
276 92.64359614698537 90.1921470342523
277 93.05030324652158 90.55973266499582
278 93.00749197288619 90.2422723475355
279 93.04316803424902 89.60735171261487
280 92.69354263289333 89.95822890559732
281 92.5151623260792 89.44026733500418
282 93.15733143061006 90.25898078529657
283 92.9646806992508 90.09189640768588
284 92.93613985016054 90.32581453634086
285 93.43560470924011 89.90810359231412
286 92.81484124152693 89.89139515455304
287 92.9860863360685 89.40685045948203
288 93.19300749197289 89.82456140350877
289 92.85051730288976 89.65747702589807
290 92.75775954334642 90.22556390977444
291 92.8433820906172 89.72431077694235
292 93.05030324652158 89.70760233918129
293 93.05743845879415 90.34252297410193
294 92.97895112379592 90.27568922305764
295 93.14306100606493 88.00334168755222
296 92.85765251516233 89.77443609022556
297 92.85051730288976 88.3375104427736
298 92.90046378879772 90.05847953216374
299 93.01462718515876 90.4594820384294
300 92.97181591152336 89.27318295739349
301 93.05743845879415 89.1060985797828
302 92.87192293970745 90.15873015873017
303 92.61505529789511 90.37593984962406
304 92.90046378879772 90.44277360066833
305 92.9432750624331 90.52631578947368
306 92.69354263289333 88.93901420217209
307 93.04316803424902 89.70760233918129
308 92.75775954334642 89.97493734335839
309 92.87905815198002 89.79114452798663
310 92.83624687834462 89.45697577276525
311 93.12165536924724 89.70760233918129
312 93.03603282197645 90.14202172096908
313 92.82197645379951 89.34001670843776
314 93.32857652515162 90.14202172096908
315 92.45094541562612 90.02506265664161
316 92.81484124152693 89.95822890559732
317 92.76489475561898 90.04177109440268
318 93.00035676061363 89.87468671679198
319 92.89332857652515 89.02255639097744
320 93.05743845879415 90.65998329156224
321 92.91473421334284 88.23725981620719
322 92.97895112379592 90.12531328320802
323 92.82911166607207 89.84126984126985
324 93.10024973242955 89.99164578111947
325 92.90046378879772 89.5405179615706
326 92.73635390652872 89.52380952380953
327 93.14306100606493 90.359231411863
328 93.1073849447021 89.5906432748538
329 93.13592579379237 90.65998329156224
330 93.30717088833393 90.91060985797827
331 93.13592579379237 90.02506265664161
332 92.99322154834107 89.72431077694235
333 92.97895112379592 88.82205513784461
334 93.00749197288619 89.40685045948203
335 93.22154834106314 90.2422723475355
336 93.32857652515162 90.74352548036758
337 93.3927934356047 90.15873015873017
338 93.13592579379237 89.34001670843776
339 93.22868355333571 90.30910609857979
340 93.16446664288263 90.4093567251462
341 93.02176239743133 89.74101921470343
342 93.27863003924367 90.22556390977444
343 92.75062433107385 90.49289891395155
344 93.44987513378523 90.2422723475355
345 93.2929004637888 90.02506265664161
346 93.25722440242598 90.4594820384294
347 93.02176239743133 89.08939014202171
348 93.37138779878701 89.89139515455304
349 93.01462718515876 89.8078529657477
350 92.67213699607564 89.20634920634922
351 93.05743845879415 90.32581453634086
352 93.16446664288263 89.23976608187134
353 93.06457367106673 90.37593984962406
354 92.97181591152336 89.13951545530493
355 93.27863003924367 89.57393483709272
356 92.74348911880128 89.92481203007519
357 93.22154834106314 89.60735171261487
358 93.26435961469853 90.64327485380117
359 93.16446664288263 89.5906432748538
360 93.12879058151981 89.640768588137
361 92.9860863360685 89.94152046783626
362 92.9860863360685 89.95822890559732
363 93.34998216196931 89.2564745196324
364 92.87192293970745 89.69089390142022
365 93.08597930788441 89.90810359231412
366 92.91473421334284 89.5906432748538
367 93.06457367106673 89.34001670843776
368 92.99322154834107 90.04177109440268
369 93.07884409561184 89.95822890559732
370 93.42133428469496 89.90810359231412
371 93.05743845879415 89.70760233918129
372 93.17160185515519 90.4594820384294
373 92.93613985016054 89.30659983291562
374 92.89332857652515 88.63826232247285
375 92.8647877274349 90.02506265664161
376 93.32144131287906 90.27568922305764
377 92.89332857652515 89.1060985797828
378 92.77202996789154 90.00835421888054
379 93.17873706742775 89.8078529657477
380 93.3927934356047 90.32581453634086
381 93.54263289332859 89.17293233082707
382 93.00035676061363 90.12531328320802
383 93.05030324652158 90.39264828738513
384 93.06457367106673 89.62406015037594
385 92.87192293970745 89.1060985797828
386 93.27863003924367 90.42606516290726
387 92.62219051016768 89.8078529657477
388 93.02176239743133 89.77443609022556
389 92.97181591152336 89.87468671679198
390 92.89332857652515 90.04177109440268
391 93.37138779878701 90.50960735171262
392 93.32144131287906 90.86048454469507
393 92.90046378879772 89.7577276524645
394 93.1501962183375 89.62406015037594
395 93.27863003924367 89.47368421052632
396 93.25722440242598 90.09189640768588
397 92.80770602925436 90.34252297410193
398 93.32144131287906 88.87218045112782
399 93.22868355333571 90.1921470342523
400 93.04316803424902 89.82456140350877
